¦Ifinal_url¡DtypeLhttp_headers¢DtypeEvalue†¢Ak¢DtypeEvalueNContent-LengthAv¢DtypeEvalueD7650¢Ak¢DtypeEvalueMAccept-RangesAv¢DtypeEvalueEbytes¢Ak¢DtypeEvalueFServerAv¢DtypeEvalueX4Apache/2.4.6 (CentOS) OpenSSL/1.0.2k-fips SVN/1.7.14¢Ak¢DtypeEvalueMLast-ModifiedAv¢DtypeEvalueXThu, 08 Sep 2016 06:16:18 GMT¢Ak¢DtypeEvalueDETagAv¢DtypeEvalueT"1de2-53bf8f7cbeec8"¢Ak¢DtypeEvalueDDateAv¢DtypeEvalueXThu, 07 Feb 2019 14:48:07 GMTKraw_content¢DtypeEvalueYâ>TGACGT	1-TGACGT	4.373521	-2782.271918	0	T:6922.0(42.16%),B:5374.8(17.28%),P:1e-1208	Tpos:202.9,Tstd:84.2,Bpos:193.1,Bstd:141.3,StrandBias:0.0,Multiplicity:1.31
0.001	0.001	0.001	0.997
0.001	0.001	0.900	0.098
0.997	0.001	0.001	0.001
0.001	0.997	0.001	0.001
0.001	0.001	0.997	0.001
0.001	0.200	0.001	0.798
>CGTCAT	2-CGTCAT	4.820090	-2069.631290	0	T:11075.0(67.45%),B:13239.7(42.56%),P:1e-898	Tpos:199.2,Tstd:107.6,Bpos:201.1,Bstd:132.9,StrandBias:-0.0,Multiplicity:1.27
0.299	0.506	0.094	0.101
0.001	0.093	0.903	0.003
0.151	0.122	0.094	0.633
0.001	0.997	0.001	0.001
0.728	0.001	0.101	0.170
0.147	0.244	0.173	0.436
>CGGAAG	3-CGGAAG	2.222167	-922.372041	0	T:8311.0(50.62%),B:10674.9(34.31%),P:1e-400	Tpos:201.5,Tstd:106.9,Bpos:197.8,Bstd:143.0,StrandBias:0.0,Multiplicity:1.75
0.001	0.997	0.001	0.001
0.001	0.001	0.997	0.001
0.001	0.001	0.968	0.030
0.997	0.001	0.001	0.001
0.997	0.001	0.001	0.001
0.200	0.129	0.595	0.076
>TGASTC	4-TGASTC	7.730042	-847.877256	0	T:4501.0(27.41%),B:4646.0(14.93%),P:1e-368	Tpos:199.0,Tstd:105.6,Bpos:199.4,Bstd:123.4,StrandBias:-0.0,Multiplicity:1.22
0.001	0.001	0.001	0.997
0.001	0.001	0.997	0.001
0.997	0.001	0.001	0.001
0.001	0.564	0.434	0.001
0.001	0.001	0.001	0.997
0.001	0.997	0.001	0.001
>TTRCGC	5-TTRCGC	4.844486	-605.297066	0	T:7596.0(46.26%),B:10326.5(33.19%),P:1e-262	Tpos:200.3,Tstd:109.8,Bpos:196.0,Bstd:143.0,StrandBias:-0.0,Multiplicity:1.29
0.078	0.148	0.057	0.717
0.172	0.001	0.001	0.826
0.520	0.001	0.478	0.001
0.001	0.997	0.001	0.001
0.056	0.001	0.790	0.153
0.113	0.668	0.001	0.218
>BAGTCG	6-BAGTCG	5.095997	-574.484124	0	T:10839.0(66.01%),B:16490.4(53.01%),P:1e-249	Tpos:201.7,Tstd:113.8,Bpos:200.3,Bstd:132.8,StrandBias:0.0,Multiplicity:1.31
0.003	0.374	0.364	0.259
0.997	0.001	0.001	0.001
0.001	0.001	0.985	0.013
0.106	0.006	0.001	0.887
0.001	0.812	0.004	0.183
0.326	0.004	0.669	0.001
>SWACGS	7-SWACGS	2.296917	-559.690305	0	T:10613.0(64.64%),B:16100.6(51.75%),P:1e-243	Tpos:198.7,Tstd:110.2,Bpos:200.6,Bstd:144.8,StrandBias:0.0,Multiplicity:1.44
0.010	0.289	0.429	0.271
0.571	0.001	0.001	0.427
0.997	0.001	0.001	0.001
0.001	0.997	0.001	0.001
0.001	0.001	0.997	0.001
0.001	0.429	0.295	0.275
>CATTCC	8-CATTCC	7.368797	-511.528373	0	T:6803.0(41.43%),B:9246.0(29.72%),P:1e-222	Tpos:200.7,Tstd:109.7,Bpos:199.5,Bstd:123.4,StrandBias:0.0,Multiplicity:1.40
0.393	0.605	0.001	0.001
0.997	0.001	0.001	0.001
0.001	0.001	0.001	0.997
0.001	0.001	0.001	0.997
0.001	0.997	0.001	0.001
0.001	0.997	0.001	0.001
>CYTATC	9-CYTATC	5.058899	-467.138029	0	T:7448.0(45.36%),B:10538.1(33.87%),P:1e-202	Tpos:199.6,Tstd:110.1,Bpos:198.7,Bstd:127.0,StrandBias:0.0,Multiplicity:1.33
0.001	0.681	0.152	0.166
0.001	0.310	0.239	0.450
0.335	0.001	0.155	0.509
0.847	0.001	0.001	0.151
0.012	0.001	0.001	0.986
0.001	0.844	0.001	0.154
>CGCWTT	10-CGCWTT	4.151057	-442.001912	0	T:11151.0(67.92%),B:17620.8(56.64%),P:1e-191	Tpos:201.5,Tstd:112.6,Bpos:197.2,Bstd:137.2,StrandBias:-0.0,Multiplicity:1.53
0.063	0.681	0.208	0.048
0.001	0.101	0.866	0.032
0.048	0.645	0.196	0.111
0.365	0.178	0.197	0.259
0.144	0.112	0.086	0.658
0.185	0.016	0.012	0.787
>GAATGC	11-GAATGC	5.613604	-365.370086	0	T:8641.0(52.63%),B:13126.0(42.19%),P:1e-158	Tpos:198.9,Tstd:114.3,Bpos:201.4,Bstd:125.0,StrandBias:0.0,Multiplicity:1.27
0.001	0.001	0.997	0.001
0.866	0.001	0.001	0.132
0.997	0.001	0.001	0.001
0.364	0.001	0.001	0.634
0.001	0.001	0.997	0.001
0.001	0.875	0.001	0.123
>GCCAAT	12-GCCAAT	6.177716	-362.011210	0	T:3058.0(18.62%),B:3564.6(11.46%),P:1e-157	Tpos:199.6,Tstd:103.2,Bpos:189.9,Bstd:124.1,StrandBias:0.1,Multiplicity:1.26
0.100	0.100	0.700	0.100
0.100	0.700	0.100	0.100
0.100	0.700	0.100	0.100
0.700	0.100	0.100	0.100
0.700	0.100	0.100	0.100
0.100	0.100	0.100	0.700
>TACCGB	13-TACCGB	2.224563	-330.582961	0	T:11535.0(70.25%),B:18879.5(60.69%),P:1e-143	Tpos:200.4,Tstd:113.4,Bpos:199.8,Bstd:144.5,StrandBias:-0.0,Multiplicity:1.35
0.021	0.001	0.001	0.977
0.961	0.001	0.001	0.037
0.011	0.680	0.007	0.302
0.001	0.976	0.022	0.001
0.001	0.003	0.995	0.001
0.179	0.362	0.213	0.246
>TAAACG	14-TAAACG	4.482542	-320.744128	0	T:9412.0(57.32%),B:14781.2(47.51%),P:1e-139	Tpos:201.0,Tstd:112.5,Bpos:200.2,Bstd:133.3,StrandBias:0.0,Multiplicity:1.63
0.072	0.125	0.097	0.706
0.844	0.001	0.001	0.154
0.822	0.176	0.001	0.001
0.559	0.192	0.211	0.038
0.001	0.891	0.107	0.001
0.180	0.217	0.500	0.103
>TCTGGC	15-TCTGGC	6.220175	-290.579927	0	T:9420.0(57.37%),B:14945.2(48.04%),P:1e-126	Tpos:198.8,Tstd:112.7,Bpos:198.7,Bstd:134.3,StrandBias:0.0,Multiplicity:1.46
0.001	0.001	0.001	0.997
0.001	0.641	0.001	0.357
0.001	0.348	0.001	0.650
0.001	0.001	0.997	0.001
0.001	0.001	0.997	0.001
0.001	0.997	0.001	0.001
>CCGWTT	16-CCGWTT	4.313573	-287.295890	0	T:9081.0(55.31%),B:14319.3(46.03%),P:1e-124	Tpos:199.7,Tstd:116.4,Bpos:201.1,Bstd:135.9,StrandBias:-0.0,Multiplicity:1.18
0.215	0.483	0.118	0.183
0.001	0.647	0.187	0.165
0.059	0.001	0.939	0.001
0.455	0.046	0.124	0.374
0.242	0.076	0.067	0.615
0.127	0.001	0.001	0.871
>GTTTGC	17-GTTTGC	5.321661	-281.421222	0	T:9753.0(59.40%),B:15628.8(50.24%),P:1e-122	Tpos:199.1,Tstd:114.4,Bpos:199.7,Bstd:130.3,StrandBias:-0.1,Multiplicity:1.25
0.157	0.001	0.841	0.001
0.001	0.001	0.001	0.997
0.001	0.001	0.001	0.997
0.001	0.091	0.001	0.907
0.137	0.203	0.659	0.001
0.001	0.997	0.001	0.001
>SRTAAA	18-SRTAAA	3.994497	-248.721131	0	T:11021.0(67.12%),B:18270.1(58.73%),P:1e-108	Tpos:200.4,Tstd:114.6,Bpos:198.1,Bstd:126.7,StrandBias:-0.0,Multiplicity:1.67
0.148	0.337	0.479	0.036
0.372	0.134	0.485	0.009
0.062	0.091	0.336	0.511
0.556	0.001	0.070	0.373
0.667	0.102	0.138	0.093
0.558	0.155	0.188	0.099
>TTGGMA	19-TTGGMA	6.498533	-245.499209	0	T:3682.0(22.43%),B:4930.2(15.85%),P:1e-106	Tpos:199.5,Tstd:110.4,Bpos:196.6,Bstd:120.1,StrandBias:-0.1,Multiplicity:1.07
0.070	0.174	0.148	0.608
0.004	0.001	0.001	0.994
0.037	0.081	0.881	0.001
0.060	0.163	0.603	0.174
0.416	0.546	0.001	0.037
0.925	0.001	0.073	0.001
>CGCCTT	20-CGCCTT	4.877412	-235.049405	0	T:7681.0(46.78%),B:11985.8(38.53%),P:1e-102	Tpos:198.4,Tstd:112.0,Bpos:197.6,Bstd:148.3,StrandBias:-0.0,Multiplicity:1.43
0.068	0.820	0.111	0.001
0.001	0.001	0.997	0.001
0.246	0.511	0.152	0.091
0.077	0.717	0.067	0.139
0.110	0.261	0.107	0.522
0.205	0.001	0.092	0.702
>RCCTTT	21-RCCTTT	4.712541	-197.666172	0	T:12146.0(73.98%),B:20810.0(66.89%),P:1e-85	Tpos:200.6,Tstd:116.0,Bpos:200.1,Bstd:126.1,StrandBias:-0.0,Multiplicity:1.58
0.299	0.262	0.438	0.001
0.001	0.997	0.001	0.001
0.001	0.997	0.001	0.001
0.001	0.105	0.038	0.856
0.001	0.001	0.001	0.997
0.001	0.001	0.001	0.997
>CAGGAA	22-CAGGAA	4.356323	-191.534606	0	T:10799.0(65.77%),B:18166.6(58.40%),P:1e-83	Tpos:198.0,Tstd:114.5,Bpos:199.0,Bstd:128.3,StrandBias:0.0,Multiplicity:1.42
0.001	0.997	0.001	0.001
0.741	0.001	0.238	0.020
0.001	0.001	0.997	0.001
0.018	0.001	0.980	0.001
0.980	0.018	0.001	0.001
0.997	0.001	0.001	0.001
>CATTGG	23-CATTGG	6.177716	-137.975150	0	T:2626.0(15.99%),B:3635.1(11.69%),P:1e-59	Tpos:195.9,Tstd:110.9,Bpos:195.6,Bstd:118.8,StrandBias:0.0,Multiplicity:1.07
0.100	0.700	0.100	0.100
0.700	0.100	0.100	0.100
0.100	0.100	0.100	0.700
0.100	0.100	0.100	0.700
0.100	0.100	0.700	0.100
0.100	0.100	0.700	0.100
>THGCGR	24-THGCGR	5.467792	-126.544680	0	T:2829.0(17.23%),B:4027.9(12.95%),P:1e-54	Tpos:202.4,Tstd:111.4,Bpos:201.5,Bstd:153.8,StrandBias:-0.0,Multiplicity:1.12
0.016	0.001	0.001	0.982
0.367	0.266	0.001	0.366
0.001	0.001	0.997	0.001
0.001	0.742	0.001	0.256
0.009	0.001	0.733	0.257
0.429	0.001	0.296	0.274
>TGACAT	25-TGACAT	7.819773	-78.885167	0	T:2918.0(17.77%),B:4451.8(14.31%),P:1e-34	Tpos:202.4,Tstd:107.6,Bpos:199.4,Bstd:121.9,StrandBias:-0.1,Multiplicity:1.19
0.001	0.001	0.001	0.997
0.001	0.001	0.997	0.001
0.766	0.001	0.001	0.232
0.001	0.997	0.001	0.001
0.997	0.001	0.001	0.001
0.001	0.195	0.001	0.803
Mis_redirected¢DtypeEvalueôIhttp_code¢DtypeEvalueÈQdownload_complete¢DtypeEvalueõ