¦Ifinal_url¡DtypeLhttp_headers¢DtypeEvalue†¢Ak¢DtypeEvalueNContent-LengthAv¢DtypeEvalueC410¢Ak¢DtypeEvalueMAccept-RangesAv¢DtypeEvalueEbytes¢Ak¢DtypeEvalueFServerAv¢DtypeEvalueX4Apache/2.4.6 (CentOS) OpenSSL/1.0.2k-fips SVN/1.7.14¢Ak¢DtypeEvalueMLast-ModifiedAv¢DtypeEvalueXThu, 08 Sep 2016 06:16:19 GMT¢Ak¢DtypeEvalueDETagAv¢DtypeEvalueS"19a-53bf8f7d49596"¢Ak¢DtypeEvalueDDateAv¢DtypeEvalueXThu, 07 Feb 2019 14:48:59 GMTKraw_content¢DtypeEvalueYš>GTCCCCWGGGGA	EBF1(EBF)/Near-E2A-ChIP-Seq(GSE21512)/Homer	6.752028	-41.305733	0	T:3732.0(22.73%),B:6208.9(19.96%),P:1e-17
0.184	0.170	0.443	0.203
0.067	0.170	0.263	0.500
0.021	0.618	0.075	0.286
0.012	0.930	0.001	0.057
0.021	0.862	0.001	0.116
0.038	0.917	0.001	0.044
0.537	0.055	0.003	0.405
0.146	0.006	0.770	0.078
0.179	0.001	0.794	0.026
0.019	0.001	0.979	0.001
0.210	0.045	0.724	0.021
0.500	0.204	0.242	0.054
Mis_redirected¢DtypeEvalueôIhttp_code¢DtypeEvalueÈQdownload_complete¢DtypeEvalueõ