¦Ifinal_url¡DtypeLhttp_headers¢DtypeEvalue†¢Ak¢DtypeEvalueNContent-LengthAv¢DtypeEvalueD8285¢Ak¢DtypeEvalueMAccept-RangesAv¢DtypeEvalueEbytes¢Ak¢DtypeEvalueFServerAv¢DtypeEvalueX4Apache/2.4.6 (CentOS) OpenSSL/1.0.2k-fips SVN/1.7.14¢Ak¢DtypeEvalueMLast-ModifiedAv¢DtypeEvalueXFri, 09 Sep 2016 17:57:45 GMT¢Ak¢DtypeEvalueDETagAv¢DtypeEvalueT"205d-53c16e22ec2d0"¢Ak¢DtypeEvalueDDateAv¢DtypeEvalueXThu, 07 Feb 2019 14:15:56 GMTKraw_content¢DtypeEvalueY ]>VCGGAAG	1-VCGGAAG	5.883167	-564.599188	0	T:9058.0(34.29%),B:6388.4(25.05%),P:1e-245	Tpos:200.0,Tstd:111.7,Bpos:196.0,Bstd:131.5,StrandBias:0.0,Multiplicity:1.52
0.218	0.361	0.324	0.097
0.001	0.875	0.123	0.001
0.001	0.001	0.997	0.001
0.253	0.079	0.485	0.183
0.997	0.001	0.001	0.001
0.833	0.001	0.001	0.165
0.286	0.201	0.448	0.065
>YTCGGAT	2-YTCGGAT	3.139818	-474.161100	0	T:16837.0(63.73%),B:13879.6(54.42%),P:1e-205	Tpos:200.3,Tstd:112.9,Bpos:200.7,Bstd:133.3,StrandBias:-0.0,Multiplicity:1.37
0.208	0.321	0.001	0.470
0.254	0.046	0.001	0.699
0.001	0.997	0.001	0.001
0.001	0.001	0.997	0.001
0.228	0.060	0.555	0.157
0.747	0.001	0.001	0.251
0.399	0.001	0.001	0.599
>GTCGGTA	3-GTCGGTA	4.319117	-384.724409	0	T:13358.0(50.56%),B:10744.5(42.13%),P:1e-167	Tpos:202.6,Tstd:112.0,Bpos:202.2,Bstd:133.5,StrandBias:0.0,Multiplicity:1.14
0.196	0.001	0.802	0.001
0.198	0.186	0.059	0.557
0.001	0.997	0.001	0.001
0.001	0.181	0.817	0.001
0.093	0.198	0.708	0.001
0.348	0.010	0.001	0.641
0.633	0.001	0.001	0.365
>GTTTCCG	4-GTTTCCG	4.142073	-336.744355	0	T:17644.0(66.79%),B:15067.4(59.08%),P:1e-146	Tpos:200.4,Tstd:113.9,Bpos:199.8,Bstd:128.4,StrandBias:0.0,Multiplicity:1.30
0.088	0.162	0.651	0.099
0.136	0.124	0.105	0.635
0.174	0.113	0.034	0.679
0.099	0.081	0.046	0.774
0.049	0.768	0.140	0.043
0.041	0.753	0.113	0.093
0.034	0.101	0.743	0.122
>CGATTGG	5-CGATTGG	3.967356	-335.899005	0	T:15138.0(57.30%),B:12596.2(49.39%),P:1e-145	Tpos:199.4,Tstd:115.8,Bpos:197.0,Bstd:128.8,StrandBias:0.0,Multiplicity:1.62
0.034	0.829	0.077	0.060
0.062	0.077	0.808	0.053
0.613	0.069	0.073	0.245
0.063	0.115	0.064	0.758
0.121	0.106	0.025	0.748
0.082	0.139	0.619	0.160
0.170	0.146	0.628	0.056
>HWWACGS	6-HWWACGS	3.892331	-324.674081	0	T:15870.0(60.07%),B:13345.5(52.33%),P:1e-141	Tpos:199.4,Tstd:113.4,Bpos:201.9,Bstd:134.9,StrandBias:-0.0,Multiplicity:1.55
0.297	0.221	0.133	0.349
0.384	0.169	0.001	0.446
0.498	0.001	0.018	0.483
0.624	0.001	0.224	0.151
0.031	0.887	0.081	0.001
0.001	0.237	0.761	0.001
0.150	0.300	0.433	0.118
>TRCGTCA	7-TRCGTCA	6.402791	-314.922066	0	T:5436.0(20.58%),B:3790.5(14.86%),P:1e-136	Tpos:198.4,Tstd:115.2,Bpos:196.4,Bstd:123.5,StrandBias:-0.0,Multiplicity:1.14
0.001	0.103	0.297	0.599
0.350	0.001	0.483	0.166
0.377	0.621	0.001	0.001
0.001	0.001	0.997	0.001
0.001	0.001	0.001	0.997
0.001	0.821	0.001	0.177
0.731	0.001	0.267	0.001
>CSTTTTM	8-CSTTTTM	4.793646	-299.122460	0	T:19089.0(72.26%),B:16646.5(65.27%),P:1e-129	Tpos:201.3,Tstd:115.1,Bpos:197.2,Bstd:123.6,StrandBias:0.0,Multiplicity:1.39
0.001	0.997	0.001	0.001
0.001	0.543	0.455	0.001
0.113	0.106	0.194	0.587
0.001	0.100	0.001	0.898
0.013	0.001	0.001	0.985
0.001	0.340	0.001	0.658
0.382	0.427	0.190	0.001
>CGGNWTT	9-CGGNWTT	3.953258	-268.216132	0	T:16067.0(60.82%),B:13722.2(53.80%),P:1e-116	Tpos:200.8,Tstd:112.4,Bpos:199.4,Bstd:132.6,StrandBias:-0.0,Multiplicity:1.41
0.169	0.805	0.025	0.001
0.112	0.121	0.766	0.001
0.158	0.063	0.587	0.192
0.192	0.333	0.259	0.216
0.340	0.159	0.018	0.482
0.211	0.216	0.092	0.482
0.207	0.045	0.062	0.686
>TAARGCS	10-TAARGCS	4.885053	-262.624867	0	T:16473.0(62.36%),B:14141.4(55.45%),P:1e-114	Tpos:200.9,Tstd:115.0,Bpos:199.5,Bstd:126.2,StrandBias:0.0,Multiplicity:1.41
0.302	0.038	0.003	0.657
0.997	0.001	0.001	0.001
0.599	0.233	0.130	0.038
0.406	0.001	0.452	0.140
0.001	0.001	0.997	0.001
0.001	0.867	0.131	0.001
0.001	0.469	0.528	0.002
>CGCGWAA	11-CGCGWAA	3.741735	-261.842416	0	T:11110.0(42.05%),B:9001.7(35.29%),P:1e-113	Tpos:200.0,Tstd:112.3,Bpos:196.0,Bstd:135.8,StrandBias:-0.0,Multiplicity:1.51
0.109	0.595	0.119	0.177
0.132	0.132	0.645	0.091
0.074	0.698	0.106	0.122
0.139	0.126	0.575	0.160
0.401	0.201	0.104	0.294
0.548	0.119	0.144	0.189
0.539	0.131	0.122	0.208
>GCCGTTT	12-GCCGTTT	5.248673	-226.765488	0	T:12310.0(46.60%),B:10248.7(40.18%),P:1e-98	Tpos:200.9,Tstd:113.0,Bpos:200.6,Bstd:127.9,StrandBias:0.0,Multiplicity:1.25
0.001	0.045	0.953	0.001
0.055	0.852	0.036	0.057
0.101	0.774	0.081	0.044
0.079	0.146	0.694	0.081
0.001	0.043	0.063	0.893
0.019	0.048	0.001	0.932
0.002	0.061	0.032	0.905
>GAACGCT	13-GAACGCT	4.382734	-219.359957	0	T:17500.0(66.24%),B:15315.8(60.05%),P:1e-95	Tpos:201.3,Tstd:112.6,Bpos:199.3,Bstd:127.3,StrandBias:0.0,Multiplicity:1.52
0.125	0.186	0.583	0.106
0.773	0.047	0.048	0.132
0.692	0.107	0.106	0.095
0.215	0.607	0.067	0.111
0.050	0.055	0.847	0.048
0.019	0.799	0.066	0.116
0.166	0.086	0.045	0.703
>GTCTGCG	14-GTCTGCG	2.636210	-199.504650	0	T:17133.0(64.85%),B:15026.2(58.92%),P:1e-86	Tpos:200.4,Tstd:112.3,Bpos:203.4,Bstd:131.3,StrandBias:-0.0,Multiplicity:1.60
0.001	0.001	0.903	0.095
0.001	0.001	0.001	0.997
0.001	0.997	0.001	0.001
0.001	0.001	0.001	0.997
0.001	0.043	0.955	0.001
0.001	0.997	0.001	0.001
0.001	0.001	0.997	0.001
>CTGCGAA	15-CTGCGAA	1.418946	-198.863501	0	T:12032.0(45.54%),B:10090.0(39.56%),P:1e-86	Tpos:199.4,Tstd:111.8,Bpos:200.0,Bstd:135.4,StrandBias:0.0,Multiplicity:1.35
0.001	0.977	0.021	0.001
0.274	0.001	0.224	0.501
0.163	0.316	0.520	0.001
0.001	0.997	0.001	0.001
0.001	0.001	0.997	0.001
0.980	0.001	0.001	0.018
0.997	0.001	0.001	0.001
>TCTAGCG	16-TCTAGCG	5.828465	-172.990204	0	T:4719.0(17.86%),B:3522.4(13.81%),P:1e-75	Tpos:199.2,Tstd:113.2,Bpos:194.8,Bstd:131.0,StrandBias:-0.0,Multiplicity:1.05
0.047	0.103	0.289	0.561
0.007	0.828	0.145	0.020
0.001	0.001	0.084	0.914
0.614	0.172	0.213	0.001
0.411	0.001	0.587	0.001
0.052	0.806	0.001	0.141
0.001	0.082	0.916	0.001
>GACTGSY	17-GACTGSY	5.170026	-134.540003	0	T:15493.0(58.65%),B:13695.1(53.70%),P:1e-58	Tpos:200.7,Tstd:112.4,Bpos:198.6,Bstd:120.1,StrandBias:-0.0,Multiplicity:1.39
0.318	0.133	0.548	0.001
0.997	0.001	0.001	0.001
0.108	0.890	0.001	0.001
0.001	0.103	0.001	0.895
0.157	0.001	0.756	0.086
0.061	0.459	0.363	0.117
0.002	0.535	0.014	0.449
>GACTAGT	18-GACTAGT	4.778754	-124.390129	0	T:8859.0(33.53%),B:7429.7(29.13%),P:1e-54	Tpos:199.8,Tstd:113.5,Bpos:197.2,Bstd:122.7,StrandBias:0.0,Multiplicity:1.23
0.001	0.079	0.904	0.016
0.866	0.060	0.022	0.052
0.001	0.971	0.001	0.027
0.071	0.037	0.001	0.891
0.746	0.024	0.053	0.177
0.001	0.023	0.956	0.020
0.060	0.048	0.172	0.720
>GTCGACT	19-GTCGACT	2.541055	-118.130501	0	T:4051.0(15.33%),B:3107.3(12.18%),P:1e-51	Tpos:197.4,Tstd:111.4,Bpos:199.1,Bstd:133.2,StrandBias:-0.0,Multiplicity:1.07
0.112	0.002	0.881	0.005
0.001	0.001	0.108	0.890
0.001	0.997	0.001	0.001
0.001	0.001	0.997	0.001
0.997	0.001	0.001	0.001
0.004	0.994	0.001	0.001
0.001	0.001	0.001	0.997
>CACGTGA	20-CACGTGA	6.063470	-103.025456	0	T:2483.0(9.40%),B:1803.9(7.07%),P:1e-44	Tpos:200.1,Tstd:118.8,Bpos:195.3,Bstd:126.4,StrandBias:-0.0,Multiplicity:1.08
0.046	0.952	0.001	0.001
0.997	0.001	0.001	0.001
0.001	0.997	0.001	0.001
0.001	0.001	0.997	0.001
0.001	0.001	0.001	0.997
0.001	0.001	0.997	0.001
0.579	0.001	0.419	0.001
>GGCCTAA	21-GGCCTAA	5.548338	-102.705689	0	T:10697.0(40.49%),B:9256.8(36.29%),P:1e-44	Tpos:198.5,Tstd:114.1,Bpos:200.4,Bstd:119.9,StrandBias:0.0,Multiplicity:1.28
0.046	0.001	0.952	0.001
0.047	0.001	0.951	0.001
0.081	0.821	0.097	0.001
0.001	0.964	0.001	0.034
0.041	0.157	0.001	0.801
0.785	0.067	0.147	0.001
0.720	0.106	0.173	0.001
>CGTTGCW	22-CGTTGCW	5.754377	-88.954924	0	T:3582.0(13.56%),B:2796.4(10.96%),P:1e-38	Tpos:200.6,Tstd:114.5,Bpos:200.4,Bstd:128.5,StrandBias:0.1,Multiplicity:1.07
0.282	0.614	0.087	0.017
0.363	0.005	0.613	0.019
0.001	0.001	0.005	0.993
0.042	0.013	0.394	0.551
0.257	0.282	0.460	0.001
0.001	0.662	0.336	0.001
0.501	0.006	0.043	0.450
>TAAATCC	23-TAAATCC	6.215008	-88.733793	0	T:7206.0(27.28%),B:6070.5(23.80%),P:1e-38	Tpos:199.0,Tstd:114.7,Bpos:202.9,Bstd:121.1,StrandBias:-0.0,Multiplicity:1.22
0.079	0.070	0.001	0.850
0.863	0.135	0.001	0.001
0.997	0.001	0.001	0.001
0.911	0.087	0.001	0.001
0.001	0.102	0.001	0.896
0.124	0.653	0.160	0.063
0.001	0.951	0.001	0.047
>ATGGCGG	24-ATGGCGG	6.895222	-86.200609	0	T:3978.0(15.06%),B:3156.6(12.38%),P:1e-37	Tpos:200.8,Tstd:105.8,Bpos:205.9,Bstd:130.8,StrandBias:0.1,Multiplicity:1.12
0.997	0.001	0.001	0.001
0.001	0.001	0.001	0.997
0.001	0.001	0.997	0.001
0.001	0.001	0.936	0.062
0.001	0.997	0.001	0.001
0.001	0.173	0.825	0.001
0.079	0.117	0.803	0.001
>ACCTAGC	25-ACCTAGC	2.351285	-56.114773	0	T:6081.0(23.02%),B:5210.2(20.43%),P:1e-24	Tpos:198.8,Tstd:112.7,Bpos:201.9,Bstd:123.6,StrandBias:0.0,Multiplicity:1.15
0.997	0.001	0.001	0.001
0.001	0.670	0.328	0.001
0.001	0.997	0.001	0.001
0.001	0.001	0.001	0.997
0.997	0.001	0.001	0.001
0.001	0.001	0.703	0.295
0.001	0.968	0.001	0.030
Mis_redirected¢DtypeEvalueôIhttp_code¢DtypeEvalueÈQdownload_complete¢DtypeEvalueõ