¦Ifinal_url¡DtypeLhttp_headers¢DtypeEvalue†¢Ak¢DtypeEvalueNContent-LengthAv¢DtypeEvalueC466¢Ak¢DtypeEvalueMAccept-RangesAv¢DtypeEvalueEbytes¢Ak¢DtypeEvalueFServerAv¢DtypeEvalueX4Apache/2.4.6 (CentOS) OpenSSL/1.0.2k-fips SVN/1.7.14¢Ak¢DtypeEvalueMLast-ModifiedAv¢DtypeEvalueXThu, 08 Sep 2016 06:16:19 GMT¢Ak¢DtypeEvalueDETagAv¢DtypeEvalueS"1d2-53bf8f7d76c25"¢Ak¢DtypeEvalueDDateAv¢DtypeEvalueXThu, 07 Feb 2019 15:11:14 GMTKraw_content¢DtypeEvalueYÒ>TGACCTTTGCCCCA	PPARE(NR),DR1/3T3L1-Pparg-ChIP-Seq(GSE13511)/Homer	6.968824	-19.275351	0	T:2820.0(17.18%),B:4829.9(15.53%),P:1e-8
0.084	0.043	0.060	0.813
0.092	0.128	0.718	0.062
0.610	0.245	0.106	0.039
0.109	0.847	0.009	0.035
0.026	0.916	0.001	0.057
0.006	0.112	0.002	0.880
0.027	0.267	0.038	0.668
0.014	0.015	0.020	0.951
0.070	0.165	0.690	0.075
0.233	0.495	0.135	0.137
0.027	0.827	0.017	0.129
0.108	0.788	0.002	0.102
0.069	0.598	0.016	0.317
0.654	0.129	0.100	0.117
Mis_redirected¢DtypeEvalueôIhttp_code¢DtypeEvalueÈQdownload_complete¢DtypeEvalueõ