¦Ifinal_url¡DtypeLhttp_headers¢DtypeEvalue†¢Ak¢DtypeEvalueNContent-LengthAv¢DtypeEvalueC481¢Ak¢DtypeEvalueMAccept-RangesAv¢DtypeEvalueEbytes¢Ak¢DtypeEvalueFServerAv¢DtypeEvalueX4Apache/2.4.6 (CentOS) OpenSSL/1.0.2k-fips SVN/1.7.14¢Ak¢DtypeEvalueMLast-ModifiedAv¢DtypeEvalueXFri, 09 Sep 2016 17:57:47 GMT¢Ak¢DtypeEvalueDETagAv¢DtypeEvalueS"1e1-53c16e24a8430"¢Ak¢DtypeEvalueDDateAv¢DtypeEvalueXThu, 07 Feb 2019 12:45:05 GMTKraw_content¢DtypeEvalueYá>GTTGCCATGGCAACM	Rfx2(HTH)/LoVo-RFX2-ChIP-Seq(GSE49402)/Homer	8.147021	-13.520221	0	T:521.0(1.97%),B:407.5(1.60%),P:1e-5
0.049	0.003	0.942	0.006
0.005	0.041	0.019	0.935
0.037	0.202	0.011	0.750
0.125	0.062	0.654	0.159
0.001	0.916	0.004	0.079
0.001	0.884	0.001	0.114
0.810	0.075	0.052	0.063
0.066	0.055	0.071	0.808
0.119	0.001	0.879	0.001
0.083	0.003	0.912	0.002
0.156	0.649	0.063	0.132
0.743	0.010	0.204	0.043
0.933	0.021	0.041	0.005
0.005	0.943	0.004	0.048
0.254	0.387	0.234	0.125
Mis_redirected¢DtypeEvalueôIhttp_code¢DtypeEvalueÈQdownload_complete¢DtypeEvalueõ