¦Ifinal_url¡DtypeLhttp_headers¢DtypeEvalue†¢Ak¢DtypeEvalueNContent-LengthAv¢DtypeEvalueC507¢Ak¢DtypeEvalueMAccept-RangesAv¢DtypeEvalueEbytes¢Ak¢DtypeEvalueFServerAv¢DtypeEvalueX4Apache/2.4.6 (CentOS) OpenSSL/1.0.2k-fips SVN/1.7.14¢Ak¢DtypeEvalueMLast-ModifiedAv¢DtypeEvalueXThu, 08 Sep 2016 06:16:19 GMT¢Ak¢DtypeEvalueDETagAv¢DtypeEvalueS"1fb-53bf8f7da7d4a"¢Ak¢DtypeEvalueDDateAv¢DtypeEvalueXThu, 07 Feb 2019 14:54:57 GMTKraw_content¢DtypeEvalueYû>CGGTTGCCATGGCAAC	RFX(HTH)/K562-RFX3-ChIP-Seq(SRA012198)/Homer	8.570807	-52.274538	0	T:410.0(2.50%),B:458.8(1.47%),P:1e-22
0.090	0.564	0.152	0.194
0.133	0.217	0.437	0.213
0.034	0.004	0.951	0.011
0.012	0.035	0.028	0.925
0.052	0.172	0.018	0.758
0.123	0.062	0.693	0.122
0.003	0.905	0.005	0.087
0.001	0.874	0.002	0.123
0.790	0.076	0.050	0.084
0.084	0.050	0.085	0.781
0.107	0.002	0.890	0.001
0.089	0.005	0.902	0.004
0.119	0.693	0.061	0.127
0.738	0.018	0.190	0.054
0.916	0.025	0.044	0.015
0.011	0.940	0.006	0.043
Mis_redirected¢DtypeEvalueôIhttp_code¢DtypeEvalueÈQdownload_complete¢DtypeEvalueõ