¦Ifinal_url¢DtypeEvaluexNhttps://www.ics.uci.edu/~wjohnson/BIDA/Ch10/VentilationData-Exercise-10-15.txtLhttp_headers¢DtypeEvalue‡¢Ak¢DtypeEvalueNContent-LengthAv¢DtypeEvalueC332¢Ak¢DtypeEvalueMAccept-RangesAv¢DtypeEvalueEbytes¢Ak¢DtypeEvalueFServerAv¢DtypeEvalueX4Apache/2.4.6 (CentOS) OpenSSL/1.0.2k-fips SVN/1.7.14¢Ak¢DtypeEvalueMLast-ModifiedAv¢DtypeEvalueXTue, 07 Sep 2010 01:18:11 GMT¢Ak¢DtypeEvalueDETagAv¢DtypeEvalueS"14c-48fa12b9c1ac0"¢Ak¢DtypeEvalueDDateAv¢DtypeEvalueXThu, 31 Jan 2019 02:19:12 GMT¢Ak¢DtypeEvalueLContent-TypeAv¢DtypeEvalueXtext/plain; charset=UTF-8Kraw_content¢DtypeEvalueYLTemperature=c(-10,25,37,50,65,80)
vent <- c(
74.5,	81.5,	83.6,	68.6,	73.1,	79.4,
75.5,	84.6,	70.6,	87.3,	73.0,	75.0,
68.9,	71.6,	55.9,	61.9,	60.5,	61.8,
57.0,	61.3,	54.1,	59.2,	56.6,	58.8,
78.3,	84.9,	64.0,	62.2,	60.1,	78.7,
54.0,	62.8,	63.0,	58.0,	56.0,	51.5,
72.5,	68.3,	67.8,	71.5,	65.0,	67.7,
80.8,	89.9,	83.2,	83.0,	85.7,	79.6)Mis_redirected¢DtypeEvalueõIhttp_code¢DtypeEvalueÈQdownload_complete¢DtypeEvalueõ