¦Ifinal_url¡DtypeLhttp_headers¢DtypeEvalue†¢Ak¢DtypeEvalueNContent-LengthAv¢DtypeEvalueC558¢Ak¢DtypeEvalueMAccept-RangesAv¢DtypeEvalueEbytes¢Ak¢DtypeEvalueFServerAv¢DtypeEvalueX4Apache/2.4.6 (CentOS) OpenSSL/1.0.2k-fips SVN/1.7.14¢Ak¢DtypeEvalueMLast-ModifiedAv¢DtypeEvalueXThu, 08 Sep 2016 06:16:19 GMT¢Ak¢DtypeEvalueDETagAv¢DtypeEvalueS"22e-53bf8f7d5f13f"¢Ak¢DtypeEvalueDDateAv¢DtypeEvalueXThu, 07 Feb 2019 14:51:28 GMTKraw_content¢DtypeEvalueY.>RGGTCADNNAGAGGTCAV	RAR:RXR(NR),DR5/ES-RAR-ChIP-Seq(GSE56893)/Homer	11.193397	-7.650045	0	T:98.0(0.60%),B:130.4(0.42%),P:1e-3
0.509	0.001	0.489	0.001
0.019	0.001	0.961	0.019
0.001	0.001	0.803	0.195
0.001	0.058	0.117	0.824
0.001	0.823	0.137	0.039
0.921	0.001	0.039	0.039
0.216	0.157	0.353	0.274
0.235	0.255	0.313	0.196
0.196	0.314	0.274	0.216
0.412	0.196	0.157	0.235
0.236	0.255	0.431	0.078
0.744	0.001	0.254	0.001
0.038	0.001	0.960	0.001
0.001	0.001	0.764	0.234
0.079	0.117	0.177	0.627
0.001	0.882	0.116	0.001
0.997	0.001	0.001	0.001
0.216	0.352	0.295	0.137
Mis_redirected¢DtypeEvalueôIhttp_code¢DtypeEvalueÈQdownload_complete¢DtypeEvalueõ