¦Ifinal_url¡DtypeLhttp_headers¢DtypeEvalue†¢Ak¢DtypeEvalueNContent-LengthAv¢DtypeEvalueC469¢Ak¢DtypeEvalueMAccept-RangesAv¢DtypeEvalueEbytes¢Ak¢DtypeEvalueFServerAv¢DtypeEvalueX4Apache/2.4.6 (CentOS) OpenSSL/1.0.2k-fips SVN/1.7.14¢Ak¢DtypeEvalueMLast-ModifiedAv¢DtypeEvalueXThu, 08 Sep 2016 06:16:20 GMT¢Ak¢DtypeEvalueDETagAv¢DtypeEvalueS"1d5-53bf8f7eb1356"¢Ak¢DtypeEvalueDDateAv¢DtypeEvalueXThu, 07 Feb 2019 14:50:00 GMTKraw_content¢DtypeEvalueYÕ>SVYTTCCNGGAARB	Stat3+il21(Stat)/CD4-Stat3-ChIP-Seq(GSE19198)/Homer	6.747055	-118.605600	0	T:2420.0(14.74%),B:3384.7(10.88%),P:1e-51
0.161	0.362	0.306	0.170
0.322	0.220	0.293	0.165
0.061	0.421	0.169	0.349
0.001	0.022	0.001	0.976
0.001	0.001	0.159	0.839
0.162	0.805	0.012	0.021
0.001	0.809	0.001	0.189
0.298	0.210	0.205	0.287
0.207	0.001	0.791	0.001
0.020	0.004	0.821	0.155
0.842	0.156	0.001	0.001
0.976	0.001	0.018	0.005
0.331	0.178	0.424	0.066
0.163	0.320	0.215	0.302
Mis_redirected¢DtypeEvalueôIhttp_code¢DtypeEvalueÈQdownload_complete¢DtypeEvalueõ