¦Ifinal_url¡DtypeLhttp_headers¢DtypeEvalue†¢Ak¢DtypeEvalueNContent-LengthAv¢DtypeEvalueC593¢Ak¢DtypeEvalueMAccept-RangesAv¢DtypeEvalueEbytes¢Ak¢DtypeEvalueFServerAv¢DtypeEvalueX4Apache/2.4.6 (CentOS) OpenSSL/1.0.2k-fips SVN/1.7.14¢Ak¢DtypeEvalueMLast-ModifiedAv¢DtypeEvalueXFri, 09 Sep 2016 17:57:46 GMT¢Ak¢DtypeEvalueDETagAv¢DtypeEvalueS"251-53c16e2498262"¢Ak¢DtypeEvalueDDateAv¢DtypeEvalueXThu, 07 Feb 2019 12:29:10 GMTKraw_content¢DtypeEvalueYQ>RACTACAATTCCCAGAAKGC	GFY-Staf(?,Zf)/Promoter/Homer	4.609527	-153.235417	0	T:708.0(2.68%),B:332.5(1.30%),P:1e-66
0.542	0.005	0.452	0.001
0.997	0.001	0.001	0.001
0.001	0.997	0.001	0.001
0.001	0.007	0.001	0.991
0.997	0.001	0.001	0.001
0.001	0.997	0.001	0.001
0.898	0.026	0.075	0.001
0.517	0.092	0.080	0.311
0.097	0.259	0.080	0.564
0.035	0.001	0.001	0.963
0.001	0.963	0.001	0.035
0.001	0.997	0.001	0.001
0.001	0.997	0.001	0.001
0.942	0.001	0.056	0.001
0.113	0.096	0.713	0.078
0.527	0.266	0.181	0.026
0.830	0.007	0.162	0.001
0.071	0.016	0.426	0.487
0.009	0.085	0.824	0.082
0.005	0.957	0.007	0.031
Mis_redirected¢DtypeEvalueôIhttp_code¢DtypeEvalueÈQdownload_complete¢DtypeEvalueõ