¦Ifinal_url¡DtypeLhttp_headers¢DtypeEvalue†¢Ak¢DtypeEvalueNContent-LengthAv¢DtypeEvalueD8270¢Ak¢DtypeEvalueMAccept-RangesAv¢DtypeEvalueEbytes¢Ak¢DtypeEvalueFServerAv¢DtypeEvalueX4Apache/2.4.6 (CentOS) OpenSSL/1.0.2k-fips SVN/1.7.14¢Ak¢DtypeEvalueMLast-ModifiedAv¢DtypeEvalueXThu, 08 Sep 2016 06:16:18 GMT¢Ak¢DtypeEvalueDETagAv¢DtypeEvalueT"204e-53bf8f7cc9aa4"¢Ak¢DtypeEvalueDDateAv¢DtypeEvalueXThu, 07 Feb 2019 14:48:05 GMTKraw_content¢DtypeEvalueY N>KGCGTMA	1-KGCGTMA	5.405861	-2268.221661	0	T:6420.0(39.10%),B:5275.0(16.96%),P:1e-985	Tpos:201.3,Tstd:98.2,Bpos:198.0,Bstd:145.4,StrandBias:0.0,Multiplicity:1.16
0.001	0.197	0.392	0.410
0.244	0.001	0.453	0.302
0.001	0.997	0.001	0.001
0.001	0.001	0.997	0.001
0.088	0.001	0.001	0.910
0.522	0.389	0.001	0.088
0.781	0.001	0.155	0.063
>TGACGTC	2-TGACGTC	5.262180	-2265.526937	0	T:3887.0(23.67%),B:2177.5(7.00%),P:1e-983	Tpos:203.9,Tstd:77.0,Bpos:186.4,Bstd:136.8,StrandBias:0.0,Multiplicity:1.14
0.001	0.001	0.001	0.997
0.001	0.001	0.915	0.083
0.997	0.001	0.001	0.001
0.001	0.997	0.001	0.001
0.001	0.001	0.997	0.001
0.001	0.001	0.001	0.997
0.144	0.624	0.120	0.112
>TGACTCA	3-TGACTCA	8.384079	-2179.472047	0	T:3714.0(22.62%),B:2060.7(6.62%),P:1e-946	Tpos:200.6,Tstd:94.3,Bpos:196.9,Bstd:125.0,StrandBias:0.0,Multiplicity:1.17
0.001	0.001	0.001	0.997
0.001	0.001	0.997	0.001
0.997	0.001	0.001	0.001
0.001	0.997	0.001	0.001
0.001	0.001	0.272	0.726
0.001	0.997	0.001	0.001
0.997	0.001	0.001	0.001
>TGAYRTC	4-TGAYRTC	7.287485	-791.429616	0	T:2278.0(13.87%),B:1721.6(5.53%),P:1e-343	Tpos:201.2,Tstd:98.1,Bpos:203.3,Bstd:122.3,StrandBias:0.1,Multiplicity:1.17
0.001	0.070	0.001	0.928
0.033	0.001	0.965	0.001
0.811	0.141	0.001	0.047
0.001	0.502	0.001	0.496
0.396	0.097	0.506	0.001
0.141	0.180	0.001	0.678
0.276	0.722	0.001	0.001
>GGAATGT	5-GGAATGT	7.088073	-746.720774	0	T:4599.0(28.01%),B:4997.5(16.06%),P:1e-324	Tpos:202.8,Tstd:106.8,Bpos:199.5,Bstd:123.8,StrandBias:-0.0,Multiplicity:1.23
0.001	0.001	0.997	0.001
0.001	0.001	0.997	0.001
0.997	0.001	0.001	0.001
0.997	0.001	0.001	0.001
0.001	0.001	0.001	0.997
0.001	0.001	0.700	0.298
0.001	0.249	0.001	0.749
>CGCCAAA	6-CGCCAAA	4.978183	-655.674524	0	T:7997.0(48.71%),B:10878.6(34.97%),P:1e-284	Tpos:199.6,Tstd:109.9,Bpos:196.4,Bstd:145.2,StrandBias:0.0,Multiplicity:1.46
0.001	0.919	0.001	0.079
0.001	0.001	0.997	0.001
0.001	0.689	0.132	0.178
0.004	0.541	0.321	0.134
0.623	0.246	0.001	0.130
0.529	0.001	0.229	0.241
0.916	0.001	0.001	0.082
>MTTCCGS	7-MTTCCGS	5.903581	-647.839244	0	T:6285.0(38.28%),B:7940.5(25.52%),P:1e-281	Tpos:202.3,Tstd:105.9,Bpos:198.0,Bstd:139.1,StrandBias:0.0,Multiplicity:1.62
0.358	0.268	0.205	0.169
0.001	0.001	0.001	0.997
0.029	0.001	0.001	0.969
0.189	0.695	0.115	0.001
0.001	0.997	0.001	0.001
0.227	0.001	0.771	0.001
0.040	0.445	0.298	0.218
>TTGCGTA	8-TTGCGTA	4.294670	-561.896516	0	T:8362.0(50.93%),B:11845.4(38.08%),P:1e-244	Tpos:198.8,Tstd:109.4,Bpos:196.1,Bstd:139.4,StrandBias:0.0,Multiplicity:1.34
0.085	0.231	0.092	0.592
0.169	0.082	0.017	0.732
0.127	0.100	0.699	0.074
0.004	0.962	0.011	0.023
0.094	0.061	0.822	0.023
0.170	0.242	0.068	0.520
0.675	0.181	0.038	0.106
>CCAATCG	9-CCAATCG	6.297373	-416.658323	0	T:3649.0(22.22%),B:4328.7(13.91%),P:1e-180	Tpos:199.1,Tstd:102.5,Bpos:187.7,Bstd:124.2,StrandBias:0.0,Multiplicity:1.39
0.014	0.959	0.026	0.001
0.001	0.972	0.013	0.014
0.978	0.001	0.001	0.020
0.997	0.001	0.001	0.001
0.017	0.027	0.001	0.955
0.060	0.815	0.124	0.001
0.308	0.113	0.578	0.001
>GCCGTTA	10-GCCGTTA	-0.276326	-382.399753	0	T:11737.0(71.48%),B:19051.2(61.24%),P:1e-166	Tpos:200.6,Tstd:113.0,Bpos:201.2,Bstd:137.4,StrandBias:-0.0,Multiplicity:1.55
0.001	0.001	0.997	0.001
0.001	0.997	0.001	0.001
0.047	0.949	0.003	0.001
0.001	0.001	0.997	0.001
0.001	0.001	0.001	0.997
0.001	0.001	0.001	0.997
0.948	0.001	0.001	0.050
>TTASTCA	11-TTASTCA	8.218170	-368.866864	0	T:1938.0(11.80%),B:1911.6(6.14%),P:1e-160	Tpos:198.8,Tstd:107.6,Bpos:197.5,Bstd:124.7,StrandBias:-0.0,Multiplicity:1.10
0.114	0.022	0.001	0.863
0.001	0.001	0.174	0.824
0.963	0.001	0.035	0.001
0.001	0.402	0.422	0.175
0.001	0.001	0.001	0.997
0.001	0.997	0.001	0.001
0.827	0.114	0.058	0.001
>GCGTTSY	12-GCGTTSY	2.538974	-368.858578	0	T:9845.0(59.96%),B:15384.5(49.45%),P:1e-160	Tpos:198.1,Tstd:112.7,Bpos:200.8,Bstd:132.7,StrandBias:-0.0,Multiplicity:1.21
0.001	0.001	0.997	0.001
0.001	0.997	0.001	0.001
0.005	0.001	0.945	0.049
0.001	0.001	0.001	0.997
0.001	0.001	0.001	0.997
0.001	0.494	0.481	0.023
0.036	0.445	0.013	0.506
>CGCGTTT	13-CGCGTTT	4.346175	-361.452650	0	T:8963.0(54.59%),B:13744.5(44.18%),P:1e-156	Tpos:201.2,Tstd:112.1,Bpos:199.5,Bstd:138.0,StrandBias:-0.0,Multiplicity:1.47
0.064	0.741	0.137	0.058
0.064	0.001	0.899	0.036
0.019	0.892	0.024	0.065
0.064	0.125	0.741	0.070
0.014	0.054	0.046	0.886
0.001	0.001	0.001	0.997
0.049	0.001	0.051	0.899
>GCGATAA	14-GCGATAA	4.484676	-346.031756	0	T:7248.0(44.14%),B:10662.4(34.27%),P:1e-150	Tpos:200.1,Tstd:110.2,Bpos:199.1,Bstd:130.5,StrandBias:0.0,Multiplicity:1.34
0.118	0.192	0.647	0.043
0.113	0.703	0.039	0.145
0.099	0.208	0.650	0.043
0.635	0.120	0.158	0.087
0.127	0.038	0.053	0.782
0.775	0.016	0.025	0.184
0.805	0.024	0.120	0.051
>ATAAACA	15-ATAAACA	8.573832	-319.680644	0	T:2784.0(16.96%),B:3260.3(10.48%),P:1e-138	Tpos:198.7,Tstd:106.7,Bpos:197.1,Bstd:126.4,StrandBias:-0.1,Multiplicity:1.16
0.615	0.001	0.383	0.001
0.001	0.001	0.001	0.997
0.997	0.001	0.001	0.001
0.997	0.001	0.001	0.001
0.997	0.001	0.001	0.001
0.001	0.997	0.001	0.001
0.856	0.057	0.001	0.086
>CGAAAGG	16-CGAAAGG	4.785160	-286.009069	0	T:7867.0(47.91%),B:12064.9(38.78%),P:1e-124	Tpos:199.9,Tstd:114.5,Bpos:200.3,Bstd:135.6,StrandBias:-0.0,Multiplicity:1.21
0.001	0.748	0.121	0.130
0.014	0.173	0.703	0.110
0.690	0.046	0.137	0.127
0.716	0.055	0.095	0.134
0.764	0.118	0.077	0.041
0.052	0.138	0.674	0.136
0.067	0.166	0.708	0.059
>YAAACCG	17-YAAACCG	5.162494	-257.814190	0	T:8072.0(49.16%),B:12585.3(40.46%),P:1e-111	Tpos:199.7,Tstd:115.5,Bpos:200.9,Bstd:129.0,StrandBias:0.0,Multiplicity:1.24
0.044	0.529	0.001	0.426
0.641	0.174	0.001	0.184
0.913	0.085	0.001	0.001
0.764	0.128	0.001	0.107
0.001	0.800	0.001	0.198
0.221	0.771	0.001	0.007
0.001	0.316	0.682	0.001
>TGAATCA	18-TGAATCA	7.686506	-247.555138	0	T:1247.0(7.59%),B:1199.5(3.86%),P:1e-107	Tpos:202.5,Tstd:106.5,Bpos:199.7,Bstd:123.7,StrandBias:0.1,Multiplicity:1.07
0.001	0.326	0.059	0.614
0.001	0.001	0.575	0.423
0.616	0.001	0.001	0.382
0.997	0.001	0.001	0.001
0.001	0.001	0.001	0.997
0.001	0.997	0.001	0.001
0.617	0.001	0.001	0.381
>TTTATGA	19-TTTATGA	5.373608	-233.012790	0	T:3036.0(18.49%),B:3925.0(12.62%),P:1e-101	Tpos:200.6,Tstd:111.0,Bpos:200.4,Bstd:126.5,StrandBias:0.1,Multiplicity:1.11
0.001	0.001	0.096	0.902
0.001	0.001	0.001	0.997
0.001	0.001	0.001	0.997
0.997	0.001	0.001	0.001
0.001	0.104	0.001	0.894
0.001	0.001	0.997	0.001
0.856	0.001	0.142	0.001
>CCCGCCC	20-CCCGCCC	8.009386	-231.894880	0	T:4841.0(29.48%),B:6941.0(22.31%),P:1e-100	Tpos:201.8,Tstd:114.1,Bpos:191.6,Bstd:140.9,StrandBias:0.0,Multiplicity:1.59
0.187	0.705	0.001	0.107
0.001	0.997	0.001	0.001
0.001	0.997	0.001	0.001
0.001	0.001	0.997	0.001
0.001	0.997	0.001	0.001
0.001	0.997	0.001	0.001
0.001	0.997	0.001	0.001
>TTACGTG	21-TTACGTG	6.126010	-216.945985	0	T:2331.0(14.20%),B:2864.6(9.21%),P:1e-94	Tpos:203.6,Tstd:109.2,Bpos:196.8,Bstd:134.1,StrandBias:-0.1,Multiplicity:1.08
0.001	0.130	0.001	0.868
0.185	0.224	0.001	0.590
0.507	0.188	0.206	0.099
0.118	0.880	0.001	0.001
0.001	0.001	0.997	0.001
0.001	0.001	0.171	0.827
0.092	0.001	0.717	0.190
>CGCTTTC	22-CGCTTTC	5.612641	-207.892338	0	T:6888.0(41.95%),B:10686.7(34.35%),P:1e-90	Tpos:200.5,Tstd:113.7,Bpos:200.9,Bstd:137.3,StrandBias:-0.0,Multiplicity:1.27
0.082	0.758	0.054	0.106
0.001	0.042	0.956	0.001
0.030	0.886	0.059	0.025
0.015	0.071	0.001	0.913
0.028	0.108	0.035	0.829
0.039	0.074	0.015	0.872
0.086	0.882	0.031	0.001
>TGCCAAG	23-TGCCAAG	7.384715	-190.104606	0	T:4289.0(26.12%),B:6189.8(19.90%),P:1e-82	Tpos:199.3,Tstd:111.4,Bpos:198.5,Bstd:119.2,StrandBias:0.1,Multiplicity:1.16
0.001	0.001	0.001	0.997
0.001	0.001	0.997	0.001
0.001	0.997	0.001	0.001
0.001	0.977	0.021	0.001
0.997	0.001	0.001	0.001
0.835	0.001	0.163	0.001
0.001	0.247	0.630	0.122
>CTAGTCG	24-CTAGTCG	2.540547	-142.453713	0	T:4058.0(24.72%),B:6039.0(19.41%),P:1e-61	Tpos:197.0,Tstd:112.1,Bpos:199.8,Bstd:134.3,StrandBias:0.0,Multiplicity:1.17
0.001	0.997	0.001	0.001
0.028	0.001	0.001	0.970
0.997	0.001	0.001	0.001
0.001	0.001	0.898	0.100
0.001	0.130	0.001	0.868
0.001	0.897	0.101	0.001
0.001	0.001	0.997	0.001
>AGATTCC	25-AGATTCC	7.207335	-52.674456	0	T:895.0(5.45%),B:1202.8(3.87%),P:1e-22	Tpos:201.7,Tstd:113.1,Bpos:192.9,Bstd:119.7,StrandBias:-0.1,Multiplicity:1.04
0.700	0.100	0.100	0.100
0.100	0.100	0.700	0.100
0.700	0.100	0.100	0.100
0.100	0.100	0.100	0.700
0.100	0.100	0.100	0.700
0.100	0.700	0.100	0.100
0.100	0.700	0.100	0.100
Mis_redirected¢DtypeEvalueôIhttp_code¢DtypeEvalueÈQdownload_complete¢DtypeEvalueõ