¦Ifinal_url¡DtypeLhttp_headers¢DtypeEvalue†¢Ak¢DtypeEvalueNContent-LengthAv¢DtypeEvalueC457¢Ak¢DtypeEvalueMAccept-RangesAv¢DtypeEvalueEbytes¢Ak¢DtypeEvalueFServerAv¢DtypeEvalueX4Apache/2.4.6 (CentOS) OpenSSL/1.0.2k-fips SVN/1.7.14¢Ak¢DtypeEvalueMLast-ModifiedAv¢DtypeEvalueXThu, 08 Sep 2016 06:16:19 GMT¢Ak¢DtypeEvalueDETagAv¢DtypeEvalueS"1c9-53bf8f7da3ae8"¢Ak¢DtypeEvalueDDateAv¢DtypeEvalueXThu, 07 Feb 2019 14:49:41 GMTKraw_content¢DtypeEvalueYÉ>GAGGTCAAAGGTCA	TR4(NR),DR1/Hela-TR4-ChIP-Seq(GSE24685)/Homer	9.352371	-13.590804	0	T:352.0(2.14%),B:514.8(1.65%),P:1e-5
0.292	0.120	0.531	0.057
0.656	0.008	0.322	0.014
0.068	0.002	0.911	0.019
0.024	0.005	0.870	0.101
0.015	0.058	0.106	0.821
0.019	0.814	0.112	0.055
0.972	0.002	0.021	0.005
0.566	0.015	0.400	0.019
0.899	0.001	0.099	0.001
0.022	0.002	0.969	0.007
0.013	0.008	0.857	0.122
0.001	0.048	0.131	0.820
0.029	0.818	0.080	0.073
0.904	0.014	0.061	0.021
Mis_redirected¢DtypeEvalueôIhttp_code¢DtypeEvalueÈQdownload_complete¢DtypeEvalueõ