¦Ifinal_url¡DtypeLhttp_headers¢DtypeEvalue†¢Ak¢DtypeEvalueNContent-LengthAv¢DtypeEvalueC460¢Ak¢DtypeEvalueMAccept-RangesAv¢DtypeEvalueEbytes¢Ak¢DtypeEvalueFServerAv¢DtypeEvalueX4Apache/2.4.6 (CentOS) OpenSSL/1.0.2k-fips SVN/1.7.14¢Ak¢DtypeEvalueMLast-ModifiedAv¢DtypeEvalueXThu, 08 Sep 2016 06:16:19 GMT¢Ak¢DtypeEvalueDETagAv¢DtypeEvalueS"1cc-53bf8f7d8fa9b"¢Ak¢DtypeEvalueDDateAv¢DtypeEvalueXThu, 07 Feb 2019 14:54:53 GMTKraw_content¢DtypeEvalueYÌ>CTGGCAGSCTGCCA	Tlx?(NR)/NPC-H3K4me1-ChIP-Seq(GSE16256)/Homer	7.865087	-82.628879	0	T:1513.0(9.21%),B:2064.2(6.64%),P:1e-35
0.068	0.579	0.075	0.278
0.117	0.001	0.029	0.853
0.001	0.001	0.994	0.004
0.017	0.043	0.922	0.018
0.159	0.795	0.045	0.001
0.565	0.043	0.001	0.391
0.134	0.132	0.554	0.180
0.147	0.310	0.382	0.161
0.157	0.585	0.156	0.102
0.403	0.001	0.014	0.582
0.001	0.031	0.778	0.190
0.018	0.906	0.059	0.017
0.002	0.996	0.001	0.001
0.702	0.158	0.001	0.139
Mis_redirected¢DtypeEvalueôIhttp_code¢DtypeEvalueÈQdownload_complete¢DtypeEvalueõ