¦Ifinal_url¡DtypeLhttp_headers¢DtypeEvalue†¢Ak¢DtypeEvalueNContent-LengthAv¢DtypeEvalueC483¢Ak¢DtypeEvalueMAccept-RangesAv¢DtypeEvalueEbytes¢Ak¢DtypeEvalueFServerAv¢DtypeEvalueX4Apache/2.4.6 (CentOS) OpenSSL/1.0.2k-fips SVN/1.7.14¢Ak¢DtypeEvalueMLast-ModifiedAv¢DtypeEvalueXThu, 08 Sep 2016 06:16:20 GMT¢Ak¢DtypeEvalueDETagAv¢DtypeEvalueS"1e3-53bf8f7e7d73c"¢Ak¢DtypeEvalueDDateAv¢DtypeEvalueXThu, 07 Feb 2019 15:00:24 GMTKraw_content¢DtypeEvalueYã>HWWGTCAGCAWWTTT	MafF(bZIP)/HepG2-MafF-ChIP-Seq(GSE31477)/Homer	8.359018	-7.587916	0	T:841.0(5.12%),B:1423.3(4.58%),P:1e-3
0.297	0.314	0.108	0.282
0.367	0.162	0.206	0.264
0.393	0.137	0.174	0.296
0.195	0.201	0.529	0.075
0.008	0.004	0.003	0.985
0.108	0.880	0.001	0.011
0.987	0.001	0.004	0.008
0.006	0.002	0.835	0.157
0.001	0.990	0.004	0.005
0.831	0.008	0.047	0.114
0.362	0.137	0.151	0.350
0.416	0.022	0.026	0.536
0.343	0.028	0.004	0.625
0.261	0.133	0.023	0.583
0.196	0.202	0.111	0.491
Mis_redirected¢DtypeEvalueôIhttp_code¢DtypeEvalueÈQdownload_complete¢DtypeEvalueõ