¦Ifinal_url¡DtypeLhttp_headers¢DtypeEvalue†¢Ak¢DtypeEvalueNContent-LengthAv¢DtypeEvalueC395¢Ak¢DtypeEvalueMAccept-RangesAv¢DtypeEvalueEbytes¢Ak¢DtypeEvalueFServerAv¢DtypeEvalueX4Apache/2.4.6 (CentOS) OpenSSL/1.0.2k-fips SVN/1.7.14¢Ak¢DtypeEvalueMLast-ModifiedAv¢DtypeEvalueXFri, 09 Sep 2016 17:57:46 GMT¢Ak¢DtypeEvalueDETagAv¢DtypeEvalueS"18b-53c16e2442f20"¢Ak¢DtypeEvalueDDateAv¢DtypeEvalueXThu, 07 Feb 2019 14:01:18 GMTKraw_content¢DtypeEvalueY‹>CCTTTTAWAGSC	TATA-Box(TBP)/Promoter/Homer	5.682591	-59.642877	0	T:5376.0(20.35%),B:4541.7(17.81%),P:1e-25
0.025	0.606	0.283	0.086
0.006	0.850	0.004	0.140
0.091	0.125	0.001	0.783
0.001	0.048	0.001	0.950
0.297	0.001	0.001	0.701
0.234	0.001	0.001	0.764
0.964	0.034	0.001	0.001
0.351	0.001	0.172	0.476
0.705	0.009	0.285	0.001
0.042	0.200	0.716	0.042
0.178	0.355	0.328	0.138
0.117	0.510	0.304	0.069
Mis_redirected¢DtypeEvalueôIhttp_code¢DtypeEvalueÈQdownload_complete¢DtypeEvalueõ