¦Ifinal_url¡DtypeLhttp_headers¢DtypeEvalue†¢Ak¢DtypeEvalueNContent-LengthAv¢DtypeEvalueC489¢Ak¢DtypeEvalueMAccept-RangesAv¢DtypeEvalueEbytes¢Ak¢DtypeEvalueFServerAv¢DtypeEvalueX4Apache/2.4.6 (CentOS) OpenSSL/1.0.2k-fips SVN/1.7.14¢Ak¢DtypeEvalueMLast-ModifiedAv¢DtypeEvalueXThu, 08 Sep 2016 06:16:19 GMT¢Ak¢DtypeEvalueDETagAv¢DtypeEvalueS"1e9-53bf8f7d61c3b"¢Ak¢DtypeEvalueDDateAv¢DtypeEvalueXThu, 07 Feb 2019 14:49:19 GMTKraw_content¢DtypeEvalueYé>GARTGGTCATCGCCC	ZNF669(Zf)/HEK293-ZNF669.GFP-ChIP-Seq(GSE58341)/Homer	8.241079	-6.106498	0	T:274.0(1.67%),B:435.5(1.40%),P:1e-2
0.244	0.245	0.463	0.049
0.853	0.049	0.049	0.049
0.293	0.171	0.414	0.122
0.097	0.220	0.073	0.610
0.122	0.024	0.805	0.049
0.024	0.024	0.879	0.073
0.049	0.024	0.073	0.854
0.024	0.951	0.024	0.001
0.587	0.072	0.340	0.001
0.001	0.024	0.097	0.878
0.024	0.974	0.001	0.001
0.366	0.024	0.586	0.024
0.025	0.683	0.097	0.195
0.001	0.951	0.024	0.024
0.072	0.854	0.001	0.073
Mis_redirected¢DtypeEvalueôIhttp_code¢DtypeEvalueÈQdownload_complete¢DtypeEvalueõ