¦Ifinal_url¡DtypeLhttp_headers¢DtypeEvalue†¢Ak¢DtypeEvalueNContent-LengthAv¢DtypeEvalueC414¢Ak¢DtypeEvalueMAccept-RangesAv¢DtypeEvalueEbytes¢Ak¢DtypeEvalueFServerAv¢DtypeEvalueX4Apache/2.4.6 (CentOS) OpenSSL/1.0.2k-fips SVN/1.7.14¢Ak¢DtypeEvalueMLast-ModifiedAv¢DtypeEvalueXThu, 08 Sep 2016 06:16:19 GMT¢Ak¢DtypeEvalueDETagAv¢DtypeEvalueS"19e-53bf8f7d8eedd"¢Ak¢DtypeEvalueDDateAv¢DtypeEvalueXThu, 07 Feb 2019 15:09:32 GMTKraw_content¢DtypeEvalueYž>NRRTGACGTCAT	Atf2(bZIP)/3T3L1-Atf2-ChIP-Seq(GSE56872)/Homer	7.098521	-751.090151	0	T:2203.0(13.42%),B:1679.5(5.40%),P:1e-326
0.209	0.287	0.276	0.228
0.239	0.195	0.379	0.188
0.429	0.226	0.283	0.062
0.047	0.025	0.020	0.908
0.016	0.028	0.825	0.131
0.750	0.026	0.105	0.119
0.057	0.569	0.177	0.197
0.206	0.144	0.580	0.070
0.095	0.105	0.044	0.756
0.132	0.798	0.042	0.028
0.890	0.025	0.029	0.056
0.073	0.280	0.215	0.432
Mis_redirected¢DtypeEvalueôIhttp_code¢DtypeEvalueÈQdownload_complete¢DtypeEvalueõ