¦Ifinal_url¡DtypeLhttp_headers¢DtypeEvalue†¢Ak¢DtypeEvalueNContent-LengthAv¢DtypeEvalueC484¢Ak¢DtypeEvalueMAccept-RangesAv¢DtypeEvalueEbytes¢Ak¢DtypeEvalueFServerAv¢DtypeEvalueX4Apache/2.4.6 (CentOS) OpenSSL/1.0.2k-fips SVN/1.7.14¢Ak¢DtypeEvalueMLast-ModifiedAv¢DtypeEvalueXFri, 09 Sep 2016 17:57:48 GMT¢Ak¢DtypeEvalueDETagAv¢DtypeEvalueS"1e4-53c16e2597078"¢Ak¢DtypeEvalueDDateAv¢DtypeEvalueXThu, 07 Feb 2019 12:33:49 GMTKraw_content¢DtypeEvalueYä>TTCTAGAABNTTCTA	HRE(HSF)/Striatum-HSF1-ChIP-Seq(GSE38000)/Homer	8.234199	-17.311123	0	T:785.0(2.97%),B:622.4(2.44%),P:1e-7
0.071	0.091	0.061	0.777
0.026	0.063	0.042	0.869
0.032	0.921	0.022	0.025
0.026	0.270	0.010	0.694
0.684	0.007	0.301	0.008
0.001	0.001	0.997	0.001
0.939	0.033	0.011	0.017
0.895	0.021	0.046	0.038
0.194	0.345	0.235	0.225
0.237	0.242	0.303	0.219
0.051	0.051	0.027	0.871
0.019	0.021	0.038	0.922
0.008	0.963	0.012	0.017
0.037	0.351	0.014	0.598
0.481	0.134	0.217	0.169
Mis_redirected¢DtypeEvalueôIhttp_code¢DtypeEvalueÈQdownload_complete¢DtypeEvalueõ