¦Ifinal_url¡DtypeLhttp_headers¢DtypeEvalue†¢Ak¢DtypeEvalueNContent-LengthAv¢DtypeEvalueE35159¢Ak¢DtypeEvalueMAccept-RangesAv¢DtypeEvalueEbytes¢Ak¢DtypeEvalueFServerAv¢DtypeEvalueX4Apache/2.4.6 (CentOS) OpenSSL/1.0.2k-fips SVN/1.7.14¢Ak¢DtypeEvalueMLast-ModifiedAv¢DtypeEvalueXThu, 08 Sep 2016 06:17:16 GMT¢Ak¢DtypeEvalueDETagAv¢DtypeEvalueT"8957-53bf8fb3f7fae"¢Ak¢DtypeEvalueDDateAv¢DtypeEvalueXThu, 07 Feb 2019 14:18:35 GMTKraw_content¢DtypeEvalueY‰W>TACG	1-TACG	4.118477	-68.028864	0	T:4387.0(93.62%),B:35731.4(88.46%),P:1e-29	Tpos:1050.0,Tstd:502.1,Bpos:1053.7,Bstd:629.6,StrandBias:0.0,Multiplicity:2.80
0.100	0.100	0.100	0.700
0.700	0.100	0.100	0.100
0.100	0.700	0.100	0.100
0.100	0.100	0.700	0.100
>ACGT	2-ACGT	4.118477	-52.169173	0	T:4330.0(92.40%),B:35431.0(87.72%),P:1e-22	Tpos:1021.3,Tstd:513.3,Bpos:1034.6,Bstd:638.4,StrandBias:0.0,Multiplicity:3.16
0.700	0.100	0.100	0.100
0.100	0.700	0.100	0.100
0.100	0.100	0.700	0.100
0.100	0.100	0.100	0.700
>GGCG	3-GGCG	4.118477	-50.651938	0	T:4649.0(99.21%),B:39216.9(97.09%),P:1e-21	Tpos:1076.8,Tstd:416.0,Bpos:1079.8,Bstd:537.6,StrandBias:0.2,Multiplicity:22.44
0.100	0.100	0.700	0.100
0.100	0.100	0.700	0.100
0.100	0.700	0.100	0.100
0.100	0.100	0.700	0.100
>GCGG	4-GCGG	4.118477	-41.015836	0	T:4647.0(99.17%),B:39308.7(97.32%),P:1e-17	Tpos:1086.6,Tstd:428.5,Bpos:1084.7,Bstd:550.5,StrandBias:0.1,Multiplicity:10.22
0.100	0.100	0.700	0.100
0.100	0.700	0.100	0.100
0.100	0.100	0.700	0.100
0.100	0.100	0.700	0.100
>CGAT	5-CGAT	5.466114	-38.919310	0	T:4489.0(95.80%),B:37424.8(92.65%),P:1e-16	Tpos:1072.1,Tstd:521.1,Bpos:1065.4,Bstd:636.4,StrandBias:-0.1,Multiplicity:3.28
0.001	0.992	0.001	0.006
0.001	0.001	0.965	0.033
0.992	0.006	0.001	0.001
0.025	0.001	0.001	0.973
>GACC	6-GACC	5.441374	-3.813445	0	T:4682.0(99.91%),B:40299.6(99.77%),P:1e-1	Tpos:1081.3,Tstd:508.3,Bpos:1066.9,Bstd:596.2,StrandBias:-0.0,Multiplicity:9.57
0.066	0.001	0.932	0.001
0.997	0.001	0.001	0.001
0.001	0.997	0.001	0.001
0.025	0.973	0.001	0.001
>AGTA	7-AGTA	4.118477	-3.472852	0	T:4610.0(98.38%),B:39573.0(97.97%),P:1e-1	Tpos:1011.1,Tstd:626.0,Bpos:999.8,Bstd:714.3,StrandBias:0.0,Multiplicity:6.00
0.700	0.100	0.100	0.100
0.100	0.100	0.700	0.100
0.100	0.100	0.100	0.700
0.700	0.100	0.100	0.100
>CAGT	8-CAGT	4.118477	-3.129041	0	T:4684.0(99.96%),B:40334.0(99.85%),P:1e-1	Tpos:1031.1,Tstd:575.0,Bpos:1025.4,Bstd:648.7,StrandBias:0.1,Multiplicity:6.78
0.100	0.700	0.100	0.100
0.700	0.100	0.100	0.100
0.100	0.100	0.700	0.100
0.100	0.100	0.100	0.700
>CCAA	9-CCAA	4.118477	-2.395919	0	T:4685.0(99.98%),B:40356.6(99.91%),P:1e-1	Tpos:1050.8,Tstd:568.8,Bpos:1035.8,Bstd:643.7,StrandBias:-0.3,Multiplicity:5.99
0.100	0.700	0.100	0.100
0.100	0.700	0.100	0.100
0.700	0.100	0.100	0.100
0.700	0.100	0.100	0.100
>CTGG	10-CTGG	4.118477	-1.962873	0	T:4685.0(99.98%),B:40361.0(99.92%),P:1e0	Tpos:1067.5,Tstd:540.5,Bpos:1055.2,Bstd:605.9,StrandBias:0.2,Multiplicity:16.69
0.100	0.700	0.100	0.100
0.100	0.100	0.100	0.700
0.100	0.100	0.700	0.100
0.100	0.100	0.700	0.100
>TGGC	11-TGGC	4.118477	-1.562747	0	T:4683.0(99.94%),B:40344.6(99.88%),P:1e0	Tpos:1056.7,Tstd:533.6,Bpos:1044.5,Bstd:604.2,StrandBias:0.1,Multiplicity:12.03
0.100	0.100	0.100	0.700
0.100	0.100	0.700	0.100
0.100	0.100	0.700	0.100
0.100	0.700	0.100	0.100
>MAAD	12-MAAD	2.912487	-1.007373	0	T:4681.0(99.89%),B:40335.7(99.86%),P:1e0	Tpos:1016.2,Tstd:618.2,Bpos:1009.2,Bstd:702.5,StrandBias:-0.4,Multiplicity:11.53
0.275	0.418	0.171	0.136
0.664	0.098	0.116	0.122
0.764	0.058	0.001	0.177
0.339	0.161	0.212	0.288
>ACAG	13-ACAG	4.118477	-0.887526	0	T:4683.0(99.94%),B:40356.1(99.91%),P:1e0	Tpos:1044.9,Tstd:572.1,Bpos:1034.2,Bstd:637.6,StrandBias:-0.2,Multiplicity:10.19
0.700	0.100	0.100	0.100
0.100	0.700	0.100	0.100
0.700	0.100	0.100	0.100
0.100	0.100	0.700	0.100
>CGTCA	1-CGTCA	5.148096	-110.126781	0	T:3803.0(81.16%),B:28848.7(71.42%),P:1e-47	Tpos:1012.3,Tstd:439.4,Bpos:1040.9,Bstd:572.5,StrandBias:-0.1,Multiplicity:2.29
0.100	0.700	0.100	0.100
0.100	0.100	0.700	0.100
0.100	0.100	0.100	0.700
0.100	0.700	0.100	0.100
0.700	0.100	0.100	0.100
>CGGAA	2-CGGAA	5.148096	-94.906576	0	T:4358.0(93.00%),B:34932.3(86.48%),P:1e-41	Tpos:1040.2,Tstd:431.6,Bpos:1051.9,Bstd:562.5,StrandBias:-0.1,Multiplicity:3.27
0.100	0.700	0.100	0.100
0.100	0.100	0.700	0.100
0.100	0.100	0.700	0.100
0.700	0.100	0.100	0.100
0.700	0.100	0.100	0.100
>ATACG	3-ATACG	5.163120	-67.384782	0	T:3758.0(80.20%),B:29357.7(72.68%),P:1e-29	Tpos:1042.6,Tstd:515.1,Bpos:1053.1,Bstd:641.3,StrandBias:-0.0,Multiplicity:1.90
0.565	0.221	0.213	0.001
0.001	0.001	0.001	0.997
0.779	0.001	0.001	0.219
0.001	0.997	0.001	0.001
0.001	0.001	0.997	0.001
>CGACG	4-CGACG	5.148096	-53.064110	0	T:3519.0(75.10%),B:27497.9(68.08%),P:1e-23	Tpos:1098.7,Tstd:398.2,Bpos:1101.7,Bstd:534.0,StrandBias:-0.0,Multiplicity:1.83
0.100	0.700	0.100	0.100
0.100	0.100	0.700	0.100
0.700	0.100	0.100	0.100
0.100	0.700	0.100	0.100
0.100	0.100	0.700	0.100
>CGAAA	5-CGAAA	4.645976	-49.418264	0	T:4453.0(95.03%),B:36817.2(91.15%),P:1e-21	Tpos:1041.1,Tstd:490.2,Bpos:1051.8,Bstd:605.4,StrandBias:-0.2,Multiplicity:2.38
0.002	0.990	0.006	0.002
0.011	0.019	0.952	0.018
0.779	0.219	0.001	0.001
0.555	0.127	0.124	0.194
0.888	0.001	0.110	0.001
>TCACG	6-TCACG	5.148096	-48.364759	0	T:3800.0(81.09%),B:30267.9(74.93%),P:1e-21	Tpos:1042.6,Tstd:474.3,Bpos:1050.6,Bstd:589.3,StrandBias:-0.2,Multiplicity:1.78
0.100	0.100	0.100	0.700
0.100	0.700	0.100	0.100
0.700	0.100	0.100	0.100
0.100	0.700	0.100	0.100
0.100	0.100	0.700	0.100
>AATCG	7-AATCG	5.148096	-48.117484	0	T:2889.0(61.65%),B:21975.0(54.40%),P:1e-20	Tpos:1029.1,Tstd:521.9,Bpos:1041.3,Bstd:648.3,StrandBias:-0.1,Multiplicity:1.67
0.700	0.100	0.100	0.100
0.700	0.100	0.100	0.100
0.100	0.100	0.100	0.700
0.100	0.700	0.100	0.100
0.100	0.100	0.700	0.100
>ACGCT	8-ACGCT	5.148096	-47.874714	0	T:3878.0(82.76%),B:31025.9(76.81%),P:1e-20	Tpos:1065.3,Tstd:475.4,Bpos:1060.5,Bstd:593.4,StrandBias:-0.2,Multiplicity:1.35
0.700	0.100	0.100	0.100
0.100	0.700	0.100	0.100
0.100	0.100	0.700	0.100
0.100	0.700	0.100	0.100
0.100	0.100	0.100	0.700
>AAACG	9-AAACG	5.148096	-45.753756	0	T:3855.0(82.27%),B:30866.3(76.42%),P:1e-19	Tpos:1029.6,Tstd:553.4,Bpos:1036.4,Bstd:685.5,StrandBias:-0.2,Multiplicity:2.17
0.700	0.100	0.100	0.100
0.700	0.100	0.100	0.100
0.700	0.100	0.100	0.100
0.100	0.700	0.100	0.100
0.100	0.100	0.700	0.100
>AACGC	10-AACGC	5.148096	-41.552145	0	T:3790.0(80.88%),B:30376.8(75.20%),P:1e-18	Tpos:1030.8,Tstd:528.1,Bpos:1040.1,Bstd:642.3,StrandBias:-0.1,Multiplicity:1.12
0.700	0.100	0.100	0.100
0.700	0.100	0.100	0.100
0.100	0.700	0.100	0.100
0.100	0.100	0.700	0.100
0.100	0.700	0.100	0.100
>CGTAA	11-CGTAA	5.148096	-39.900478	0	T:2434.0(51.94%),B:18305.1(45.32%),P:1e-17	Tpos:1035.7,Tstd:543.0,Bpos:1037.2,Bstd:665.6,StrandBias:-0.1,Multiplicity:1.53
0.100	0.700	0.100	0.100
0.100	0.100	0.700	0.100
0.100	0.100	0.100	0.700
0.700	0.100	0.100	0.100
0.700	0.100	0.100	0.100
>CCGTA	12-CCGTA	5.317708	-39.384774	0	T:4408.0(94.07%),B:36538.8(90.46%),P:1e-17	Tpos:1073.3,Tstd:495.4,Bpos:1062.3,Bstd:614.3,StrandBias:-0.1,Multiplicity:1.69
0.027	0.591	0.001	0.381
0.001	0.997	0.001	0.001
0.001	0.001	0.997	0.001
0.001	0.001	0.001	0.997
0.643	0.016	0.001	0.340
>GTAGT	13-GTAGT	5.148096	-37.735211	0	T:3502.0(74.73%),B:27828.2(68.89%),P:1e-16	Tpos:1013.7,Tstd:571.4,Bpos:1013.3,Bstd:679.5,StrandBias:0.1,Multiplicity:2.06
0.100	0.100	0.700	0.100
0.100	0.100	0.100	0.700
0.700	0.100	0.100	0.100
0.100	0.100	0.700	0.100
0.100	0.100	0.100	0.700
>TAGCG	14-TAGCG	5.148096	-36.541331	0	T:3100.0(66.15%),B:24244.1(60.02%),P:1e-15	Tpos:1038.7,Tstd:469.9,Bpos:1048.9,Bstd:591.1,StrandBias:-0.0,Multiplicity:1.70
0.100	0.100	0.100	0.700
0.700	0.100	0.100	0.100
0.100	0.100	0.700	0.100
0.100	0.700	0.100	0.100
0.100	0.100	0.700	0.100
>GCGTA	15-GCGTA	5.148096	-33.942953	0	T:2602.0(55.53%),B:19974.4(49.45%),P:1e-14	Tpos:1063.9,Tstd:420.1,Bpos:1041.7,Bstd:446.0,StrandBias:-0.3,Multiplicity:1.00
0.100	0.100	0.700	0.100
0.100	0.700	0.100	0.100
0.100	0.100	0.700	0.100
0.100	0.100	0.100	0.700
0.700	0.100	0.100	0.100
>TTCGA	16-TTCGA	5.030989	-33.606976	0	T:4320.0(92.19%),B:35765.6(88.54%),P:1e-14	Tpos:1086.2,Tstd:495.4,Bpos:1078.8,Bstd:621.7,StrandBias:0.2,Multiplicity:2.08
0.111	0.101	0.096	0.692
0.001	0.031	0.071	0.897
0.011	0.977	0.007	0.005
0.002	0.002	0.994	0.002
0.543	0.110	0.248	0.099
>CAACG	17-CAACG	5.148096	-29.111080	0	T:3378.0(72.09%),B:27023.5(66.90%),P:1e-12	Tpos:1059.8,Tstd:502.1,Bpos:1065.6,Bstd:614.6,StrandBias:-0.2,Multiplicity:1.85
0.100	0.700	0.100	0.100
0.700	0.100	0.100	0.100
0.700	0.100	0.100	0.100
0.100	0.700	0.100	0.100
0.100	0.100	0.700	0.100
>AACGT	18-AACGT	5.148096	-25.958146	0	T:3023.0(64.51%),B:23989.6(59.39%),P:1e-11	Tpos:1008.8,Tstd:592.2,Bpos:1040.5,Bstd:742.1,StrandBias:0.3,Multiplicity:1.05
0.700	0.100	0.100	0.100
0.700	0.100	0.100	0.100
0.100	0.700	0.100	0.100
0.100	0.100	0.700	0.100
0.100	0.100	0.100	0.700
>AACGA	19-AACGA	5.148096	-24.038371	0	T:3152.0(67.26%),B:25218.6(62.43%),P:1e-10	Tpos:1045.6,Tstd:559.6,Bpos:1037.6,Bstd:729.0,StrandBias:-0.1,Multiplicity:1.09
0.700	0.100	0.100	0.100
0.700	0.100	0.100	0.100
0.100	0.700	0.100	0.100
0.100	0.100	0.700	0.100
0.700	0.100	0.100	0.100
>TACCG	20-TACCG	5.148096	-23.801650	0	T:2872.0(61.29%),B:22759.2(56.35%),P:1e-10	Tpos:1083.2,Tstd:486.9,Bpos:1081.8,Bstd:604.2,StrandBias:-0.0,Multiplicity:1.51
0.100	0.100	0.100	0.700
0.700	0.100	0.100	0.100
0.100	0.700	0.100	0.100
0.100	0.700	0.100	0.100
0.100	0.100	0.700	0.100
>ATTGG	21-ATTGG	5.148096	-22.560074	0	T:3953.0(84.36%),B:32564.0(80.62%),P:1e-9	Tpos:984.4,Tstd:534.1,Bpos:985.3,Bstd:634.5,StrandBias:0.1,Multiplicity:2.65
0.700	0.100	0.100	0.100
0.100	0.100	0.100	0.700
0.100	0.100	0.100	0.700
0.100	0.100	0.700	0.100
0.100	0.100	0.700	0.100
>TTCGT	22-TTCGT	5.148096	-19.951517	0	T:3203.0(68.35%),B:25866.4(64.04%),P:1e-8	Tpos:1102.3,Tstd:520.5,Bpos:1104.5,Bstd:601.3,StrandBias:0.5,Multiplicity:1.07
0.100	0.100	0.100	0.700
0.100	0.100	0.100	0.700
0.100	0.700	0.100	0.100
0.100	0.100	0.700	0.100
0.100	0.100	0.100	0.700
>CGAAT	23-CGAAT	5.148096	-17.285828	0	T:2747.0(58.62%),B:22000.0(54.47%),P:1e-7	Tpos:1035.3,Tstd:537.7,Bpos:1037.4,Bstd:663.1,StrandBias:-0.1,Multiplicity:1.51
0.100	0.700	0.100	0.100
0.100	0.100	0.700	0.100
0.700	0.100	0.100	0.100
0.700	0.100	0.100	0.100
0.100	0.100	0.100	0.700
>CCCAG	24-CCCAG	5.537061	-6.748599	0	T:4672.0(99.70%),B:40130.3(99.35%),P:1e-2	Tpos:1074.5,Tstd:518.7,Bpos:1065.0,Bstd:584.0,StrandBias:-0.2,Multiplicity:8.52
0.040	0.617	0.027	0.316
0.001	0.997	0.001	0.001
0.001	0.623	0.359	0.017
0.684	0.262	0.040	0.014
0.002	0.051	0.946	0.001
>GTACG	25-GTACG	3.202186	-3.293997	0	T:4686.0(100.00%),B:40362.8(99.93%),P:1e-1	Tpos:1062.0,Tstd:515.3,Bpos:1058.1,Bstd:615.4,StrandBias:0.1,Multiplicity:16.59
0.100	0.100	0.700	0.100
0.100	0.100	0.100	0.700
0.700	0.100	0.100	0.100
0.100	0.700	0.100	0.100
0.100	0.100	0.700	0.100
>ACGTCA	1-ACGTCA	6.636734	-148.704086	0	T:2255.0(48.12%),B:14244.8(35.27%),P:1e-64	Tpos:970.2,Tstd:449.6,Bpos:1011.1,Bstd:605.6,StrandBias:-0.1,Multiplicity:1.67
0.997	0.001	0.001	0.001
0.001	0.997	0.001	0.001
0.001	0.001	0.997	0.001
0.001	0.001	0.001	0.997
0.189	0.809	0.001	0.001
0.997	0.001	0.001	0.001
>CGGAAG	2-CGGAAG	6.177716	-109.765884	0	T:3301.0(70.44%),B:24086.1(59.63%),P:1e-47	Tpos:1032.0,Tstd:392.3,Bpos:1045.2,Bstd:522.5,StrandBias:-0.0,Multiplicity:1.90
0.100	0.700	0.100	0.100
0.100	0.100	0.700	0.100
0.100	0.100	0.700	0.100
0.700	0.100	0.100	0.100
0.700	0.100	0.100	0.100
0.100	0.100	0.700	0.100
>TTCCGG	3-TTCCGG	6.177716	-92.115077	0	T:3056.0(65.22%),B:22258.6(55.11%),P:1e-40	Tpos:1055.1,Tstd:487.6,Bpos:1074.7,Bstd:600.9,StrandBias:0.2,Multiplicity:1.07
0.100	0.100	0.100	0.700
0.100	0.100	0.100	0.700
0.100	0.700	0.100	0.100
0.100	0.700	0.100	0.100
0.100	0.100	0.700	0.100
0.100	0.100	0.700	0.100
>ACGCTA	4-ACGCTA	5.688317	-77.577935	0	T:3280.0(70.00%),B:24635.2(60.99%),P:1e-33	Tpos:1027.3,Tstd:497.0,Bpos:1034.7,Bstd:617.6,StrandBias:-0.1,Multiplicity:1.66
0.775	0.001	0.128	0.096
0.001	0.997	0.001	0.001
0.001	0.001	0.997	0.001
0.074	0.833	0.092	0.001
0.160	0.001	0.001	0.838
0.812	0.001	0.001	0.186
>GTCGTA	5-GTCGTA	1.284823	-75.344851	0	T:3625.0(77.36%),B:27894.5(69.06%),P:1e-32	Tpos:1052.2,Tstd:500.1,Bpos:1059.5,Bstd:621.0,StrandBias:-0.0,Multiplicity:1.41
0.001	0.001	0.901	0.097
0.001	0.105	0.001	0.893
0.001	0.997	0.001	0.001
0.001	0.001	0.997	0.001
0.001	0.001	0.001	0.997
0.997	0.001	0.001	0.001
>TGACGA	6-TGACGA	2.712790	-65.847113	0	T:2862.0(61.08%),B:21205.4(52.50%),P:1e-28	Tpos:1021.1,Tstd:468.5,Bpos:1039.0,Bstd:600.8,StrandBias:0.1,Multiplicity:1.62
0.001	0.001	0.001	0.997
0.001	0.001	0.931	0.067
0.997	0.001	0.001	0.001
0.001	0.997	0.001	0.001
0.001	0.001	0.997	0.001
0.994	0.004	0.001	0.001
>CGTAGA	7-CGTAGA	1.362365	-65.755231	0	T:3511.0(74.93%),B:27069.4(67.02%),P:1e-28	Tpos:1037.9,Tstd:505.5,Bpos:1050.8,Bstd:638.2,StrandBias:-0.0,Multiplicity:1.91
0.001	0.997	0.001	0.001
0.001	0.001	0.997	0.001
0.001	0.001	0.001	0.997
0.997	0.001	0.001	0.001
0.001	0.001	0.965	0.033
0.933	0.001	0.001	0.065
>GCGGAA	8-GCGGAA	6.177716	-56.604120	0	T:2811.0(59.99%),B:21024.3(52.05%),P:1e-24	Tpos:1029.7,Tstd:490.9,Bpos:1001.8,Bstd:603.3,StrandBias:0.2,Multiplicity:1.06
0.100	0.100	0.700	0.100
0.100	0.700	0.100	0.100
0.100	0.100	0.700	0.100
0.100	0.100	0.700	0.100
0.700	0.100	0.100	0.100
0.700	0.100	0.100	0.100
>CGTTTG	9-CGTTTG	6.891625	-46.963533	0	T:2343.0(50.00%),B:17288.1(42.80%),P:1e-20	Tpos:1034.7,Tstd:528.1,Bpos:1042.1,Bstd:650.8,StrandBias:0.3,Multiplicity:1.33
0.001	0.997	0.001	0.001
0.001	0.001	0.997	0.001
0.317	0.001	0.001	0.681
0.001	0.001	0.001	0.997
0.001	0.001	0.001	0.997
0.001	0.001	0.767	0.231
>GTTCCG	10-GTTCCG	6.177716	-42.918413	0	T:2147.0(45.82%),B:15763.6(39.03%),P:1e-18	Tpos:1058.7,Tstd:424.7,Bpos:1069.1,Bstd:554.8,StrandBias:-0.0,Multiplicity:1.37
0.100	0.100	0.700	0.100
0.100	0.100	0.100	0.700
0.100	0.100	0.100	0.700
0.100	0.700	0.100	0.100
0.100	0.700	0.100	0.100
0.100	0.100	0.700	0.100
>TAGGCG	11-TAGGCG	5.445738	-41.444469	0	T:3419.0(72.96%),B:26943.5(66.70%),P:1e-17	Tpos:1048.8,Tstd:459.7,Bpos:1060.4,Bstd:583.5,StrandBias:-0.0,Multiplicity:1.83
0.071	0.001	0.001	0.927
0.928	0.031	0.001	0.040
0.028	0.040	0.931	0.001
0.031	0.001	0.928	0.040
0.001	0.997	0.001	0.001
0.001	0.001	0.997	0.001
>GCGTCG	12-GCGTCG	5.957495	-41.391448	0	T:2939.0(62.72%),B:22642.1(56.05%),P:1e-17	Tpos:1080.3,Tstd:423.4,Bpos:1081.9,Bstd:551.3,StrandBias:0.3,Multiplicity:1.59
0.108	0.080	0.811	0.001
0.035	0.931	0.005	0.029
0.022	0.008	0.835	0.135
0.139	0.001	0.001	0.859
0.001	0.761	0.063	0.175
0.001	0.001	0.996	0.002
>ATTGGC	13-ATTGGC	6.177716	-41.324994	0	T:2222.0(47.42%),B:16450.1(40.73%),P:1e-17	Tpos:957.5,Tstd:445.0,Bpos:969.6,Bstd:556.0,StrandBias:0.0,Multiplicity:1.57
0.700	0.100	0.100	0.100
0.100	0.100	0.100	0.700
0.100	0.100	0.100	0.700
0.100	0.100	0.700	0.100
0.100	0.100	0.700	0.100
0.100	0.700	0.100	0.100
>ATTGGT	14-ATTGGT	8.061944	-39.476853	0	T:1704.0(36.36%),B:12195.5(30.19%),P:1e-17	Tpos:974.4,Tstd:518.4,Bpos:960.5,Bstd:633.4,StrandBias:0.2,Multiplicity:1.38
0.997	0.001	0.001	0.001
0.001	0.001	0.001	0.997
0.001	0.212	0.001	0.786
0.001	0.001	0.997	0.001
0.001	0.001	0.997	0.001
0.001	0.001	0.001	0.997
>GTAGTT	15-GTAGTT	6.531246	-39.313152	0	T:3256.0(69.48%),B:25540.4(63.23%),P:1e-17	Tpos:1014.1,Tstd:579.4,Bpos:1009.2,Bstd:677.7,StrandBias:0.2,Multiplicity:1.68
0.001	0.001	0.997	0.001
0.001	0.001	0.001	0.997
0.757	0.241	0.001	0.001
0.001	0.001	0.997	0.001
0.001	0.001	0.001	0.997
0.001	0.224	0.261	0.514
>AGTACG	16-AGTACG	6.264566	-39.031614	0	T:2918.0(62.27%),B:22542.0(55.81%),P:1e-16	Tpos:1072.9,Tstd:508.8,Bpos:1046.2,Bstd:637.7,StrandBias:0.1,Multiplicity:1.54
0.997	0.001	0.001	0.001
0.001	0.002	0.982	0.015
0.179	0.001	0.001	0.819
0.837	0.001	0.001	0.161
0.001	0.997	0.001	0.001
0.001	0.001	0.997	0.001
>TTGTCG	17-TTGTCG	2.336435	-38.633834	0	T:2340.0(49.94%),B:17547.7(43.44%),P:1e-16	Tpos:1049.2,Tstd:528.1,Bpos:1051.1,Bstd:656.3,StrandBias:0.1,Multiplicity:1.44
0.001	0.001	0.001	0.997
0.071	0.001	0.001	0.927
0.036	0.001	0.962	0.001
0.001	0.001	0.001	0.997
0.001	0.997	0.001	0.001
0.001	0.001	0.997	0.001
>ATGGCG	18-ATGGCG	6.177716	-35.020355	0	T:2320.0(49.51%),B:17510.9(43.35%),P:1e-15	Tpos:1060.3,Tstd:393.4,Bpos:1075.5,Bstd:512.1,StrandBias:0.3,Multiplicity:1.38
0.700	0.100	0.100	0.100
0.100	0.100	0.100	0.700
0.100	0.100	0.700	0.100
0.100	0.100	0.700	0.100
0.100	0.700	0.100	0.100
0.100	0.100	0.700	0.100
>GATTGG	19-GATTGG	6.177716	-34.939919	0	T:2361.0(50.38%),B:17863.5(44.22%),P:1e-15	Tpos:1010.5,Tstd:538.3,Bpos:997.3,Bstd:613.8,StrandBias:0.2,Multiplicity:1.22
0.100	0.100	0.700	0.100
0.700	0.100	0.100	0.100
0.100	0.100	0.100	0.700
0.100	0.100	0.100	0.700
0.100	0.100	0.700	0.100
0.100	0.100	0.700	0.100
>TATCGR	20-TATCGR	5.467605	-32.394312	0	T:3095.0(66.05%),B:24358.8(60.31%),P:1e-14	Tpos:1077.3,Tstd:516.3,Bpos:1066.5,Bstd:639.8,StrandBias:0.2,Multiplicity:1.54
0.172	0.001	0.222	0.605
0.971	0.027	0.001	0.001
0.001	0.002	0.001	0.996
0.001	0.997	0.001	0.001
0.001	0.001	0.997	0.001
0.399	0.158	0.271	0.172
>TTTCCG	21-TTTCCG	6.177716	-22.733689	0	T:2444.0(52.16%),B:19094.6(47.27%),P:1e-9	Tpos:1041.1,Tstd:465.0,Bpos:1053.4,Bstd:595.6,StrandBias:0.3,Multiplicity:1.44
0.100	0.100	0.100	0.700
0.100	0.100	0.100	0.700
0.100	0.100	0.100	0.700
0.100	0.700	0.100	0.100
0.100	0.700	0.100	0.100
0.100	0.100	0.700	0.100
>AACGGA	22-AACGGA	6.177716	-21.554983	0	T:1598.0(34.10%),B:11998.3(29.70%),P:1e-9	Tpos:1033.2,Tstd:529.0,Bpos:1051.9,Bstd:660.9,StrandBias:-0.2,Multiplicity:1.13
0.700	0.100	0.100	0.100
0.700	0.100	0.100	0.100
0.100	0.700	0.100	0.100
0.100	0.100	0.700	0.100
0.100	0.100	0.700	0.100
0.700	0.100	0.100	0.100
>GCGTTT	23-GCGTTT	6.177716	-20.825691	0	T:1975.0(42.15%),B:15189.2(37.60%),P:1e-9	Tpos:1047.9,Tstd:517.0,Bpos:1050.0,Bstd:649.9,StrandBias:0.3,Multiplicity:1.18
0.100	0.100	0.700	0.100
0.100	0.700	0.100	0.100
0.100	0.100	0.700	0.100
0.100	0.100	0.100	0.700
0.100	0.100	0.100	0.700
0.100	0.100	0.100	0.700
>ACGTCC	24-ACGTCC	6.177716	-18.151638	0	T:1738.0(37.09%),B:13328.8(33.00%),P:1e-7	Tpos:1068.0,Tstd:487.0,Bpos:1083.6,Bstd:596.4,StrandBias:-0.2,Multiplicity:1.31
0.700	0.100	0.100	0.100
0.100	0.700	0.100	0.100
0.100	0.100	0.700	0.100
0.100	0.100	0.100	0.700
0.100	0.700	0.100	0.100
0.100	0.700	0.100	0.100
>AAACGA	25-AAACGA	6.177716	-16.680103	0	T:1537.0(32.80%),B:11724.6(29.03%),P:1e-7	Tpos:1009.3,Tstd:579.1,Bpos:1026.0,Bstd:720.8,StrandBias:-0.2,Multiplicity:1.18
0.700	0.100	0.100	0.100
0.700	0.100	0.100	0.100
0.700	0.100	0.100	0.100
0.100	0.700	0.100	0.100
0.100	0.100	0.700	0.100
0.700	0.100	0.100	0.100
>TGACGTC	1-TGACGTC	2.675921	-144.891608	0	T:2109.0(45.01%),B:13126.6(32.50%),P:1e-62	Tpos:966.1,Tstd:439.1,Bpos:1007.0,Bstd:598.2,StrandBias:0.1,Multiplicity:1.36
0.001	0.001	0.001	0.997
0.001	0.001	0.900	0.098
0.997	0.001	0.001	0.001
0.001	0.997	0.001	0.001
0.001	0.001	0.997	0.001
0.001	0.001	0.001	0.997
0.179	0.693	0.001	0.127
>CTTCCGK	2-CTTCCGK	6.366622	-125.293678	0	T:3344.0(71.36%),B:24164.7(59.82%),P:1e-54	Tpos:1045.2,Tstd:416.6,Bpos:1055.7,Bstd:537.7,StrandBias:0.1,Multiplicity:1.62
0.238	0.759	0.002	0.001
0.097	0.001	0.001	0.901
0.164	0.001	0.001	0.834
0.194	0.437	0.236	0.133
0.001	0.665	0.333	0.001
0.001	0.001	0.997	0.001
0.001	0.215	0.420	0.364
>CGGAAGT	3-CGGAAGT	7.712751	-119.041907	0	T:2145.0(45.77%),B:13883.1(34.37%),P:1e-51	Tpos:1006.6,Tstd:385.7,Bpos:1033.7,Bstd:515.6,StrandBias:0.1,Multiplicity:1.45
0.001	0.997	0.001	0.001
0.001	0.001	0.997	0.001
0.001	0.001	0.997	0.001
0.997	0.001	0.001	0.001
0.997	0.001	0.001	0.001
0.139	0.149	0.711	0.001
0.001	0.001	0.001	0.997
>CGTAACG	4-CGTAACG	5.743044	-89.682385	0	T:2497.0(53.29%),B:17439.1(43.17%),P:1e-38	Tpos:1039.6,Tstd:459.4,Bpos:1055.9,Bstd:585.5,StrandBias:0.0,Multiplicity:1.37
0.001	0.823	0.066	0.110
0.001	0.001	0.997	0.001
0.001	0.063	0.001	0.935
0.755	0.243	0.001	0.001
0.897	0.047	0.055	0.001
0.049	0.822	0.074	0.055
0.077	0.071	0.851	0.001
>TTACGCG	5-TTACGCG	5.436198	-75.976568	0	T:3048.0(65.04%),B:22582.8(55.91%),P:1e-32	Tpos:1046.5,Tstd:457.3,Bpos:1069.2,Bstd:581.7,StrandBias:0.2,Multiplicity:1.58
0.001	0.001	0.046	0.952
0.030	0.001	0.157	0.812
0.932	0.001	0.066	0.001
0.001	0.825	0.173	0.001
0.038	0.051	0.822	0.089
0.090	0.768	0.001	0.141
0.001	0.077	0.921	0.001
>CCGACAT	6-CCGACAT	3.688219	-75.797704	0	T:2973.0(63.44%),B:21919.5(54.27%),P:1e-32	Tpos:1066.1,Tstd:429.8,Bpos:1075.4,Bstd:554.9,StrandBias:-0.2,Multiplicity:1.59
0.001	0.997	0.001	0.001
0.001	0.997	0.001	0.001
0.001	0.001	0.997	0.001
0.982	0.016	0.001	0.001
0.001	0.997	0.001	0.001
0.841	0.001	0.001	0.157
0.015	0.001	0.001	0.983
>GCGTTRT	7-GCGTTRT	5.787426	-73.256510	0	T:2625.0(56.02%),B:18941.5(46.89%),P:1e-31	Tpos:1028.3,Tstd:505.0,Bpos:1046.1,Bstd:645.5,StrandBias:0.2,Multiplicity:1.43
0.141	0.001	0.803	0.055
0.001	0.997	0.001	0.001
0.001	0.001	0.997	0.001
0.001	0.122	0.001	0.876
0.306	0.155	0.001	0.538
0.368	0.207	0.226	0.200
0.117	0.063	0.001	0.819
>ATTGGCG	8-ATTGGCG	6.252188	-66.944133	0	T:3035.0(64.77%),B:22706.9(56.22%),P:1e-29	Tpos:1033.3,Tstd:464.5,Bpos:1064.6,Bstd:587.5,StrandBias:-0.0,Multiplicity:1.39
0.965	0.001	0.001	0.033
0.160	0.159	0.261	0.420
0.004	0.004	0.001	0.991
0.014	0.019	0.966	0.001
0.219	0.092	0.599	0.090
0.001	0.997	0.001	0.001
0.001	0.005	0.988	0.006
>TACGACG	9-TACGACG	4.729301	-66.616416	0	T:3014.0(64.32%),B:22528.9(55.77%),P:1e-28	Tpos:1074.6,Tstd:463.3,Bpos:1069.1,Bstd:593.1,StrandBias:0.1,Multiplicity:1.68
0.099	0.001	0.135	0.765
0.916	0.001	0.001	0.082
0.001	0.913	0.063	0.023
0.001	0.054	0.889	0.056
0.773	0.077	0.087	0.063
0.059	0.850	0.090	0.001
0.027	0.001	0.931	0.041
>YGATTGG	10-YGATTGG	6.373318	-61.299816	0	T:2559.0(54.61%),B:18699.2(46.29%),P:1e-26	Tpos:969.6,Tstd:497.9,Bpos:975.3,Bstd:600.9,StrandBias:-0.0,Multiplicity:1.34
0.001	0.552	0.001	0.446
0.069	0.228	0.509	0.194
0.788	0.001	0.134	0.077
0.071	0.001	0.083	0.845
0.030	0.118	0.001	0.851
0.093	0.103	0.803	0.001
0.120	0.106	0.773	0.001
>TCGCGAG	11-TCGCGAG	2.546718	-57.271420	0	T:4225.0(90.16%),B:34223.8(84.73%),P:1e-24	Tpos:1079.1,Tstd:441.2,Bpos:1069.1,Bstd:561.5,StrandBias:0.1,Multiplicity:2.73
0.001	0.001	0.001	0.997
0.001	0.997	0.001	0.001
0.001	0.001	0.997	0.001
0.109	0.889	0.001	0.001
0.001	0.001	0.997	0.001
0.997	0.001	0.001	0.001
0.001	0.100	0.887	0.012
>ATTGGYB	12-ATTGGYB	6.853109	-54.707808	0	T:2468.0(52.67%),B:18112.5(44.84%),P:1e-23	Tpos:962.2,Tstd:439.3,Bpos:969.5,Bstd:548.1,StrandBias:0.1,Multiplicity:1.72
0.774	0.001	0.088	0.137
0.001	0.081	0.001	0.917
0.058	0.053	0.001	0.888
0.170	0.147	0.682	0.001
0.057	0.001	0.899	0.043
0.001	0.562	0.001	0.436
0.001	0.343	0.368	0.288
>CGACGAT	13-CGACGAT	5.953100	-54.686096	0	T:2225.0(47.48%),B:16050.2(39.74%),P:1e-23	Tpos:1063.1,Tstd:507.1,Bpos:1060.8,Bstd:613.9,StrandBias:-0.2,Multiplicity:1.30
0.056	0.800	0.046	0.098
0.102	0.001	0.865	0.032
0.911	0.065	0.001	0.023
0.067	0.859	0.001	0.073
0.041	0.078	0.779	0.102
0.868	0.072	0.059	0.001
0.001	0.001	0.054	0.944
>WCSGAWT	14-WCSGAWT	6.755984	-52.715690	0	T:2211.0(47.18%),B:15991.9(39.59%),P:1e-22	Tpos:1034.9,Tstd:552.3,Bpos:1055.0,Bstd:668.7,StrandBias:-0.1,Multiplicity:1.32
0.562	0.001	0.001	0.436
0.088	0.910	0.001	0.001
0.001	0.525	0.473	0.001
0.001	0.001	0.997	0.001
0.997	0.001	0.001	0.001
0.475	0.001	0.001	0.523
0.417	0.001	0.001	0.581
>CTGTAGT	15-CTGTAGT	2.610493	-45.671338	0	T:2919.0(62.29%),B:22319.1(55.26%),P:1e-19	Tpos:1011.4,Tstd:563.1,Bpos:1000.6,Bstd:662.5,StrandBias:0.1,Multiplicity:1.61
0.001	0.843	0.137	0.019
0.001	0.016	0.140	0.843
0.001	0.001	0.997	0.001
0.001	0.001	0.001	0.997
0.997	0.001	0.001	0.001
0.001	0.001	0.997	0.001
0.001	0.001	0.001	0.997
>CGAACGT	16-CGAACGT	5.396817	-45.089939	0	T:2730.0(58.26%),B:20682.9(51.20%),P:1e-19	Tpos:1075.3,Tstd:505.8,Bpos:1067.1,Bstd:629.0,StrandBias:-0.1,Multiplicity:1.54
0.181	0.817	0.001	0.001
0.101	0.001	0.897	0.001
0.927	0.001	0.071	0.001
0.997	0.001	0.001	0.001
0.131	0.787	0.081	0.001
0.089	0.001	0.809	0.101
0.048	0.001	0.141	0.810
>GGGCGGG	17-GGGCGGG	7.207335	-44.541338	0	T:3610.0(77.04%),B:28599.3(70.80%),P:1e-19	Tpos:1041.3,Tstd:397.9,Bpos:1043.8,Bstd:508.6,StrandBias:0.3,Multiplicity:2.50
0.100	0.100	0.700	0.100
0.100	0.100	0.700	0.100
0.100	0.100	0.700	0.100
0.100	0.700	0.100	0.100
0.100	0.100	0.700	0.100
0.100	0.100	0.700	0.100
0.100	0.100	0.700	0.100
>TATCGCG	18-TATCGCG	5.822504	-43.454086	0	T:2004.0(42.77%),B:14547.9(36.02%),P:1e-18	Tpos:1025.4,Tstd:469.2,Bpos:1045.0,Bstd:594.0,StrandBias:0.1,Multiplicity:1.36
0.178	0.001	0.001	0.820
0.935	0.001	0.001	0.063
0.001	0.082	0.095	0.822
0.061	0.856	0.043	0.040
0.041	0.155	0.741	0.063
0.063	0.935	0.001	0.001
0.001	0.001	0.997	0.001
>ATCGATT	19-ATCGATT	2.262396	-42.460384	0	T:2693.0(57.47%),B:20450.3(50.63%),P:1e-18	Tpos:1052.1,Tstd:536.7,Bpos:1057.4,Bstd:660.8,StrandBias:0.1,Multiplicity:1.36
0.997	0.001	0.001	0.001
0.001	0.001	0.244	0.754
0.001	0.997	0.001	0.001
0.001	0.001	0.997	0.001
0.787	0.001	0.001	0.211
0.001	0.241	0.001	0.757
0.001	0.001	0.001	0.997
>CATTCGT	20-CATTCGT	2.316820	-39.118113	0	T:3071.0(65.54%),B:23892.7(59.15%),P:1e-16	Tpos:1047.0,Tstd:527.5,Bpos:1036.9,Bstd:635.8,StrandBias:0.1,Multiplicity:1.43
0.001	0.997	0.001	0.001
0.766	0.001	0.001	0.232
0.176	0.001	0.005	0.818
0.001	0.001	0.047	0.951
0.001	0.997	0.001	0.001
0.001	0.001	0.997	0.001
0.001	0.001	0.001	0.997
>TACGGTT	21-TACGGTT	5.262348	-38.946556	0	T:2903.0(61.95%),B:22412.9(55.49%),P:1e-16	Tpos:1026.6,Tstd:562.9,Bpos:1025.0,Bstd:674.5,StrandBias:0.2,Multiplicity:1.52
0.001	0.001	0.079	0.919
0.849	0.089	0.061	0.001
0.125	0.816	0.058	0.001
0.001	0.058	0.940	0.001
0.057	0.143	0.754	0.046
0.142	0.056	0.054	0.748
0.001	0.001	0.029	0.969
>GGGCGGA	22-GGGCGGA	5.261425	-38.439215	0	T:4658.0(99.40%),B:39504.8(97.80%),P:1e-16	Tpos:1081.6,Tstd:462.4,Bpos:1073.8,Bstd:560.8,StrandBias:0.2,Multiplicity:7.56
0.100	0.100	0.700	0.100
0.100	0.100	0.700	0.100
0.100	0.100	0.700	0.100
0.100	0.700	0.100	0.100
0.100	0.100	0.700	0.100
0.100	0.100	0.700	0.100
0.700	0.100	0.100	0.100
>GTCGAAG	23-GTCGAAG	4.477448	-32.638389	0	T:2421.0(51.66%),B:18466.7(45.72%),P:1e-14	Tpos:1078.7,Tstd:481.6,Bpos:1074.1,Bstd:605.4,StrandBias:-0.2,Multiplicity:1.40
0.287	0.001	0.711	0.001
0.288	0.019	0.001	0.692
0.001	0.997	0.001	0.001
0.001	0.001	0.997	0.001
0.997	0.001	0.001	0.001
0.997	0.001	0.001	0.001
0.001	0.001	0.997	0.001
>AACGTTA	24-AACGTTA	7.066853	-22.276073	0	T:838.0(17.88%),B:5806.6(14.38%),P:1e-9	Tpos:994.2,Tstd:599.1,Bpos:992.0,Bstd:735.7,StrandBias:0.0,Multiplicity:1.07
0.997	0.001	0.001	0.001
0.997	0.001	0.001	0.001
0.001	0.997	0.001	0.001
0.001	0.001	0.997	0.001
0.001	0.127	0.001	0.871
0.001	0.001	0.001	0.997
0.572	0.193	0.234	0.001
>CTTATCG	25-CTTATCG	6.062389	-20.961157	0	T:963.0(20.55%),B:6844.4(16.94%),P:1e-9	Tpos:1043.4,Tstd:523.8,Bpos:1041.9,Bstd:650.5,StrandBias:0.0,Multiplicity:1.11
0.046	0.948	0.001	0.005
0.207	0.001	0.001	0.791
0.001	0.001	0.001	0.997
0.997	0.001	0.001	0.001
0.001	0.001	0.269	0.729
0.001	0.997	0.001	0.001
0.001	0.001	0.997	0.001
>ATGACGTA	1-ATGACGTA	6.139268	-181.841577	0	T:2382.0(50.83%),B:14741.1(36.49%),P:1e-78	Tpos:969.6,Tstd:416.4,Bpos:1005.5,Bstd:578.7,StrandBias:0.0,Multiplicity:1.44
0.516	0.149	0.334	0.001
0.001	0.060	0.001	0.938
0.071	0.001	0.656	0.272
0.997	0.001	0.001	0.001
0.001	0.997	0.001	0.001
0.001	0.001	0.997	0.001
0.001	0.193	0.001	0.805
0.460	0.281	0.001	0.258
>CCGGAAGT	2-CCGGAAGT	7.279975	-141.232934	0	T:2198.0(46.91%),B:13909.6(34.44%),P:1e-61	Tpos:1008.5,Tstd:344.8,Bpos:1030.4,Bstd:463.7,StrandBias:-0.0,Multiplicity:1.51
0.047	0.769	0.183	0.001
0.001	0.997	0.001	0.001
0.001	0.001	0.997	0.001
0.001	0.001	0.997	0.001
0.963	0.001	0.001	0.035
0.997	0.001	0.001	0.001
0.041	0.081	0.877	0.001
0.122	0.139	0.001	0.738
>ACGTCACG	3-ACGTCACG	6.866004	-111.734029	0	T:1632.0(34.83%),B:9941.5(24.61%),P:1e-48	Tpos:1030.3,Tstd:436.0,Bpos:1073.8,Bstd:558.0,StrandBias:-0.1,Multiplicity:1.14
0.779	0.145	0.034	0.042
0.001	0.958	0.001	0.040
0.001	0.109	0.819	0.071
0.040	0.044	0.001	0.915
0.024	0.895	0.080	0.001
0.793	0.134	0.042	0.031
0.001	0.946	0.038	0.015
0.001	0.057	0.893	0.049
>CCAATCGG	4-CCAATCGG	6.630493	-80.890120	0	T:2057.0(43.90%),B:13965.5(34.57%),P:1e-35	Tpos:962.0,Tstd:405.0,Bpos:970.4,Bstd:529.8,StrandBias:-0.0,Multiplicity:1.55
0.015	0.907	0.039	0.039
0.032	0.954	0.001	0.013
0.983	0.001	0.001	0.015
0.975	0.001	0.001	0.023
0.042	0.001	0.001	0.956
0.123	0.733	0.120	0.024
0.201	0.061	0.737	0.001
0.074	0.044	0.855	0.027
>SARCCAAT	5-SARCCAAT	3.866395	-71.771064	0	T:1796.0(38.33%),B:12054.4(29.84%),P:1e-31	Tpos:973.0,Tstd:458.7,Bpos:974.9,Bstd:549.9,StrandBias:-0.1,Multiplicity:1.23
0.001	0.482	0.516	0.001
0.936	0.003	0.060	0.001
0.478	0.001	0.520	0.001
0.001	0.997	0.001	0.001
0.001	0.997	0.001	0.001
0.997	0.001	0.001	0.001
0.997	0.001	0.001	0.001
0.001	0.001	0.001	0.997
>ATATGGCG	6-ATATGGCG	5.482878	-64.349163	0	T:2825.0(60.29%),B:20922.6(51.80%),P:1e-27	Tpos:1041.9,Tstd:465.4,Bpos:1044.6,Bstd:587.2,StrandBias:0.3,Multiplicity:1.53
0.708	0.159	0.085	0.048
0.086	0.063	0.059	0.792
0.563	0.001	0.111	0.325
0.186	0.070	0.105	0.639
0.127	0.143	0.729	0.001
0.129	0.176	0.567	0.128
0.001	0.997	0.001	0.001
0.001	0.001	0.997	0.001
>CGTAATCG	7-CGTAATCG	5.682871	-61.492305	0	T:1606.0(34.27%),B:10777.5(26.68%),P:1e-26	Tpos:1082.7,Tstd:481.2,Bpos:1089.6,Bstd:600.1,StrandBias:-0.1,Multiplicity:1.21
0.099	0.823	0.077	0.001
0.024	0.096	0.879	0.001
0.049	0.072	0.001	0.878
0.887	0.111	0.001	0.001
0.892	0.001	0.106	0.001
0.070	0.026	0.101	0.803
0.032	0.877	0.090	0.001
0.022	0.001	0.976	0.001
>TTMCGCTT	8-TTMCGCTT	2.540280	-60.643831	0	T:2619.0(55.89%),B:19235.3(47.62%),P:1e-26	Tpos:1034.8,Tstd:525.6,Bpos:1036.4,Bstd:652.0,StrandBias:0.1,Multiplicity:1.43
0.001	0.001	0.001	0.997
0.401	0.001	0.001	0.597
0.438	0.517	0.044	0.001
0.001	0.997	0.001	0.001
0.001	0.001	0.997	0.001
0.001	0.573	0.380	0.046
0.001	0.001	0.001	0.997
0.001	0.001	0.001	0.997
>GGCGGGGC	9-GGCGGGGC	6.291044	-59.944748	0	T:4533.0(96.73%),B:37554.7(92.97%),P:1e-26	Tpos:1071.5,Tstd:415.2,Bpos:1071.8,Bstd:523.9,StrandBias:0.2,Multiplicity:6.81
0.100	0.100	0.700	0.100
0.100	0.100	0.700	0.100
0.100	0.700	0.100	0.100
0.100	0.100	0.700	0.100
0.100	0.100	0.700	0.100
0.100	0.100	0.700	0.100
0.100	0.100	0.700	0.100
0.100	0.700	0.100	0.100
>TTCCGTCG	10-TTCCGTCG	6.619506	-58.269705	0	T:1730.0(36.92%),B:11858.5(29.36%),P:1e-25	Tpos:1049.4,Tstd:446.0,Bpos:1068.5,Bstd:565.5,StrandBias:0.2,Multiplicity:1.22
0.021	0.044	0.022	0.913
0.027	0.086	0.001	0.886
0.001	0.951	0.047	0.001
0.001	0.860	0.138	0.001
0.001	0.096	0.902	0.001
0.035	0.001	0.134	0.830
0.090	0.870	0.001	0.039
0.001	0.071	0.871	0.057
>CCGMCTAT	11-CCGMCTAT	6.041388	-57.731719	0	T:2258.0(48.19%),B:16239.9(40.21%),P:1e-25	Tpos:1045.1,Tstd:503.0,Bpos:1042.0,Bstd:626.0,StrandBias:0.0,Multiplicity:1.24
0.086	0.631	0.138	0.145
0.127	0.779	0.093	0.001
0.001	0.088	0.910	0.001
0.327	0.406	0.195	0.072
0.001	0.918	0.001	0.080
0.299	0.066	0.012	0.623
0.772	0.013	0.001	0.214
0.397	0.001	0.001	0.601
>AAKTYCCG	12-AAKTYCCG	4.371403	-57.166291	0	T:2650.0(56.55%),B:19605.5(48.54%),P:1e-24	Tpos:1059.7,Tstd:484.9,Bpos:1053.3,Bstd:598.4,StrandBias:-0.1,Multiplicity:1.35
0.951	0.017	0.001	0.031
0.997	0.001	0.001	0.001
0.001	0.001	0.516	0.482
0.069	0.001	0.001	0.929
0.001	0.482	0.001	0.516
0.001	0.707	0.291	0.001
0.001	0.993	0.005	0.001
0.001	0.001	0.997	0.001
>GTACGACG	13-GTACGACG	5.184436	-50.143254	0	T:2171.0(46.33%),B:15733.3(38.95%),P:1e-21	Tpos:1080.3,Tstd:506.1,Bpos:1053.5,Bstd:636.1,StrandBias:0.0,Multiplicity:1.28
0.104	0.129	0.666	0.101
0.131	0.087	0.043	0.739
0.740	0.082	0.068	0.110
0.136	0.725	0.050	0.089
0.083	0.058	0.746	0.113
0.809	0.050	0.074	0.067
0.135	0.743	0.080	0.042
0.104	0.036	0.837	0.023
>ACTACGCC	14-ACTACGCC	6.825383	-49.479080	0	T:1712.0(36.53%),B:11954.1(29.59%),P:1e-21	Tpos:1042.5,Tstd:471.1,Bpos:1042.1,Bstd:582.9,StrandBias:-0.2,Multiplicity:1.24
0.905	0.046	0.001	0.048
0.040	0.958	0.001	0.001
0.133	0.103	0.001	0.763
0.844	0.154	0.001	0.001
0.037	0.879	0.034	0.050
0.073	0.067	0.859	0.001
0.035	0.893	0.071	0.001
0.001	0.894	0.048	0.057
>TTCGMCAT	15-TTCGMCAT	3.874815	-47.180969	0	T:2615.0(55.80%),B:19614.3(48.56%),P:1e-20	Tpos:1050.8,Tstd:524.9,Bpos:1049.2,Bstd:643.6,StrandBias:0.1,Multiplicity:1.33
0.104	0.004	0.001	0.891
0.001	0.035	0.001	0.963
0.001	0.997	0.001	0.001
0.001	0.001	0.997	0.001
0.430	0.294	0.006	0.270
0.001	0.818	0.004	0.177
0.899	0.001	0.001	0.099
0.002	0.001	0.001	0.996
>CGTTATCG	16-CGTTATCG	5.252835	-45.134718	0	T:2456.0(52.41%),B:18313.6(45.34%),P:1e-19	Tpos:1053.9,Tstd:504.5,Bpos:1056.5,Bstd:629.1,StrandBias:0.1,Multiplicity:1.35
0.045	0.839	0.001	0.115
0.054	0.001	0.891	0.054
0.001	0.001	0.050	0.948
0.001	0.001	0.038	0.960
0.800	0.126	0.073	0.001
0.001	0.104	0.093	0.802
0.080	0.870	0.001	0.049
0.001	0.028	0.909	0.062
>TCGCGTTA	17-TCGCGTTA	6.033261	-43.892760	0	T:1494.0(31.88%),B:10351.0(25.63%),P:1e-19	Tpos:1043.1,Tstd:477.4,Bpos:1053.7,Bstd:604.6,StrandBias:0.0,Multiplicity:1.26
0.001	0.031	0.022	0.946
0.097	0.815	0.047	0.041
0.001	0.032	0.944	0.023
0.034	0.964	0.001	0.001
0.057	0.060	0.805	0.078
0.092	0.036	0.092	0.780
0.001	0.134	0.035	0.830
0.914	0.037	0.001	0.048
>GATTGGCG	18-GATTGGCG	7.486764	-42.934169	0	T:1363.0(29.09%),B:9329.6(23.10%),P:1e-18	Tpos:1033.8,Tstd:496.3,Bpos:1005.8,Bstd:610.1,StrandBias:0.5,Multiplicity:1.10
0.001	0.001	0.997	0.001
0.965	0.001	0.033	0.001
0.001	0.057	0.040	0.902
0.001	0.102	0.047	0.850
0.023	0.001	0.975	0.001
0.146	0.001	0.777	0.076
0.001	0.918	0.001	0.080
0.093	0.162	0.609	0.136
>ACGCCGTT	19-ACGCCGTT	6.711685	-42.038306	0	T:1564.0(33.38%),B:10972.0(27.16%),P:1e-18	Tpos:1046.9,Tstd:469.3,Bpos:1056.8,Bstd:603.3,StrandBias:0.0,Multiplicity:1.18
0.891	0.001	0.107	0.001
0.001	0.936	0.001	0.062
0.001	0.070	0.888	0.041
0.001	0.956	0.042	0.001
0.064	0.810	0.095	0.031
0.059	0.001	0.830	0.110
0.001	0.031	0.034	0.934
0.044	0.054	0.052	0.850
>TAAGAACG	20-TAAGAACG	6.633946	-40.228031	0	T:1262.0(26.93%),B:8603.7(21.30%),P:1e-17	Tpos:1070.3,Tstd:555.1,Bpos:1056.9,Bstd:685.6,StrandBias:-0.3,Multiplicity:1.18
0.096	0.158	0.095	0.651
0.899	0.053	0.023	0.025
0.922	0.045	0.001	0.032
0.053	0.048	0.873	0.026
0.885	0.028	0.042	0.045
0.882	0.001	0.038	0.079
0.001	0.997	0.001	0.001
0.030	0.057	0.912	0.001
>CGTACGAA	21-CGTACGAA	4.771015	-40.145508	0	T:2784.0(59.41%),B:21325.6(52.80%),P:1e-17	Tpos:1048.9,Tstd:525.8,Bpos:1033.3,Bstd:647.9,StrandBias:-0.1,Multiplicity:1.41
0.086	0.778	0.042	0.094
0.088	0.077	0.746	0.089
0.128	0.045	0.023	0.804
0.723	0.089	0.047	0.141
0.095	0.720	0.090	0.095
0.074	0.107	0.732	0.087
0.733	0.072	0.112	0.083
0.768	0.049	0.079	0.104
>GTAGTTCG	22-GTAGTTCG	5.155348	-34.841348	0	T:2168.0(46.27%),B:16226.6(40.17%),P:1e-15	Tpos:1031.0,Tstd:524.5,Bpos:1034.6,Bstd:646.1,StrandBias:0.1,Multiplicity:1.39
0.069	0.097	0.742	0.092
0.117	0.056	0.046	0.781
0.715	0.077	0.100	0.108
0.082	0.113	0.738	0.067
0.085	0.070	0.051	0.794
0.131	0.111	0.051	0.707
0.069	0.739	0.077	0.115
0.029	0.134	0.787	0.050
>CGTAGTCT	23-CGTAGTCT	7.114745	-34.143862	0	T:1161.0(24.78%),B:7981.7(19.76%),P:1e-14	Tpos:1021.6,Tstd:518.9,Bpos:1037.2,Bstd:628.2,StrandBias:-0.0,Multiplicity:1.13
0.085	0.811	0.069	0.035
0.033	0.086	0.848	0.033
0.001	0.079	0.032	0.888
0.907	0.091	0.001	0.001
0.001	0.029	0.969	0.001
0.041	0.084	0.066	0.809
0.001	0.921	0.077	0.001
0.019	0.054	0.001	0.926
>CGACGCTA	24-CGACGCTA	7.379104	-33.006051	0	T:840.0(17.93%),B:5505.3(13.63%),P:1e-14	Tpos:1061.7,Tstd:442.8,Bpos:1030.0,Bstd:575.7,StrandBias:-0.1,Multiplicity:1.08
0.050	0.889	0.060	0.001
0.001	0.001	0.911	0.087
0.962	0.001	0.036	0.001
0.057	0.757	0.122	0.064
0.018	0.001	0.900	0.081
0.112	0.886	0.001	0.001
0.001	0.033	0.062	0.904
0.852	0.044	0.058	0.046
>TTCGGCTA	25-TTCGGCTA	5.209672	-27.388694	0	T:820.0(17.50%),B:5506.4(13.63%),P:1e-11	Tpos:1078.0,Tstd:454.6,Bpos:1086.0,Bstd:585.8,StrandBias:0.3,Multiplicity:1.08
0.001	0.001	0.002	0.996
0.001	0.001	0.001	0.997
0.001	0.997	0.001	0.001
0.001	0.001	0.997	0.001
0.215	0.001	0.783	0.001
0.001	0.997	0.001	0.001
0.001	0.048	0.001	0.950
0.723	0.001	0.275	0.001
Mis_redirected¢DtypeEvalueôIhttp_code¢DtypeEvalueÈQdownload_complete¢DtypeEvalueõ