¦Ifinal_url¡DtypeLhttp_headers¢DtypeEvalue†¢Ak¢DtypeEvalueNContent-LengthAv¢DtypeEvalueC413¢Ak¢DtypeEvalueMAccept-RangesAv¢DtypeEvalueEbytes¢Ak¢DtypeEvalueFServerAv¢DtypeEvalueX4Apache/2.4.6 (CentOS) OpenSSL/1.0.2k-fips SVN/1.7.14¢Ak¢DtypeEvalueMLast-ModifiedAv¢DtypeEvalueXFri, 09 Sep 2016 17:57:48 GMT¢Ak¢DtypeEvalueDETagAv¢DtypeEvalueS"19d-53c16e25bf4fc"¢Ak¢DtypeEvalueDDateAv¢DtypeEvalueXThu, 07 Feb 2019 12:23:10 GMTKraw_content¢DtypeEvalueY>NATGASTCABNN	Fosl2(bZIP)/3T3L1-Fosl2-ChIP-Seq(GSE56872)/Homer	7.029411	-172.304457	0	T:1502.0(5.69%),B:877.8(3.44%),P:1e-74
0.276	0.202	0.315	0.207
0.430	0.200	0.274	0.096
0.054	0.023	0.033	0.890
0.029	0.062	0.775	0.134
0.788	0.037	0.038	0.137
0.092	0.402	0.437	0.069
0.073	0.075	0.073	0.779
0.136	0.738	0.093	0.033
0.884	0.031	0.029	0.056
0.088	0.265	0.270	0.377
0.235	0.317	0.171	0.277
0.240	0.313	0.247	0.201
Mis_redirected¢DtypeEvalueôIhttp_code¢DtypeEvalueÈQdownload_complete¢DtypeEvalueõ