¦Ifinal_url¡DtypeLhttp_headers¢DtypeEvalue†¢Ak¢DtypeEvalueNContent-LengthAv¢DtypeEvalueC410¢Ak¢DtypeEvalueMAccept-RangesAv¢DtypeEvalueEbytes¢Ak¢DtypeEvalueFServerAv¢DtypeEvalueX4Apache/2.4.6 (CentOS) OpenSSL/1.0.2k-fips SVN/1.7.14¢Ak¢DtypeEvalueMLast-ModifiedAv¢DtypeEvalueXThu, 08 Sep 2016 06:16:21 GMT¢Ak¢DtypeEvalueDETagAv¢DtypeEvalueS"19a-53bf8f7ef3dc2"¢Ak¢DtypeEvalueDDateAv¢DtypeEvalueXThu, 07 Feb 2019 14:49:21 GMTKraw_content¢DtypeEvalueYš>GCTGASTCAGCA	MafK(bZIP)/C2C12-MafK-ChIP-Seq(GSE36030)/Homer	8.221544	-190.667266	0	T:896.0(5.46%),B:835.6(2.69%),P:1e-82
0.079	0.058	0.806	0.057
0.094	0.778	0.098	0.030
0.071	0.072	0.001	0.856
0.104	0.004	0.788	0.104
0.883	0.018	0.055	0.044
0.048	0.446	0.452	0.055
0.055	0.046	0.016	0.883
0.123	0.815	0.006	0.056
0.901	0.001	0.027	0.071
0.019	0.030	0.767	0.184
0.089	0.696	0.147	0.068
0.641	0.135	0.130	0.094
Mis_redirected¢DtypeEvalueôIhttp_code¢DtypeEvalueÈQdownload_complete¢DtypeEvalueõ