¦Ifinal_url¡DtypeLhttp_headers¢DtypeEvalue†¢Ak¢DtypeEvalueNContent-LengthAv¢DtypeEvalueC612¢Ak¢DtypeEvalueMAccept-RangesAv¢DtypeEvalueEbytes¢Ak¢DtypeEvalueFServerAv¢DtypeEvalueX4Apache/2.4.6 (CentOS) OpenSSL/1.0.2k-fips SVN/1.7.14¢Ak¢DtypeEvalueMLast-ModifiedAv¢DtypeEvalueXThu, 08 Sep 2016 06:16:20 GMT¢Ak¢DtypeEvalueDETagAv¢DtypeEvalueS"264-53bf8f7df53a3"¢Ak¢DtypeEvalueDDateAv¢DtypeEvalueXThu, 07 Feb 2019 14:51:27 GMTKraw_content¢DtypeEvalueYd>NNNNNBAGATAWYATCTVHN	GATA(Zf),IR3/iTreg-Gata3-ChIP-Seq(GSE20898)/Homer	8.212313	-30.380125	0	T:601.0(3.66%),B:832.8(2.68%),P:1e-13
0.296	0.200	0.290	0.213
0.290	0.191	0.277	0.242
0.258	0.208	0.296	0.238
0.305	0.221	0.255	0.219
0.294	0.167	0.266	0.273
0.167	0.337	0.307	0.189
0.593	0.001	0.001	0.405
0.001	0.001	0.997	0.001
0.997	0.001	0.001	0.001
0.001	0.001	0.001	0.997
0.423	0.168	0.236	0.172
0.391	0.001	0.213	0.395
0.168	0.257	0.183	0.392
0.997	0.001	0.001	0.001
0.001	0.001	0.001	0.997
0.001	0.997	0.001	0.001
0.413	0.001	0.001	0.585
0.197	0.298	0.334	0.172
0.302	0.290	0.127	0.281
0.253	0.245	0.212	0.290
Mis_redirected¢DtypeEvalueôIhttp_code¢DtypeEvalueÈQdownload_complete¢DtypeEvalueõ