¦Ifinal_url¡DtypeLhttp_headers¢DtypeEvalue†¢Ak¢DtypeEvalueNContent-LengthAv¢DtypeEvalueE35020¢Ak¢DtypeEvalueMAccept-RangesAv¢DtypeEvalueEbytes¢Ak¢DtypeEvalueFServerAv¢DtypeEvalueX4Apache/2.4.6 (CentOS) OpenSSL/1.0.2k-fips SVN/1.7.14¢Ak¢DtypeEvalueMLast-ModifiedAv¢DtypeEvalueXFri, 09 Sep 2016 17:57:09 GMT¢Ak¢DtypeEvalueDETagAv¢DtypeEvalueT"88cc-53c16e007dcfe"¢Ak¢DtypeEvalueDDateAv¢DtypeEvalueXThu, 07 Feb 2019 11:26:23 GMTKraw_content¢DtypeEvalueYˆÌ>TACG	1-TACG	4.118477	-49.431212	0	T:6089.0(91.99%),B:33492.3(88.08%),P:1e-21	Tpos:1043.6,Tstd:527.4,Bpos:1046.8,Bstd:662.0,StrandBias:0.1,Multiplicity:3.26
0.100	0.100	0.100	0.700
0.700	0.100	0.100	0.100
0.100	0.700	0.100	0.100
0.100	0.100	0.700	0.100
>GGCG	2-GGCG	4.118477	-42.376147	0	T:6567.0(99.21%),B:37150.5(97.70%),P:1e-18	Tpos:1072.5,Tstd:444.4,Bpos:1076.0,Bstd:592.5,StrandBias:0.1,Multiplicity:10.31
0.100	0.100	0.700	0.100
0.100	0.100	0.700	0.100
0.100	0.700	0.100	0.100
0.100	0.100	0.700	0.100
>GCGG	3-GCGG	4.118477	-34.454651	0	T:6567.0(99.21%),B:37227.8(97.90%),P:1e-14	Tpos:1084.4,Tstd:420.1,Bpos:1076.3,Bstd:575.5,StrandBias:0.2,Multiplicity:22.15
0.100	0.100	0.700	0.100
0.100	0.700	0.100	0.100
0.100	0.100	0.700	0.100
0.100	0.100	0.700	0.100
>CGGA	4-CGGA	4.118477	-33.270919	0	T:6578.0(99.38%),B:37339.5(98.20%),P:1e-14	Tpos:1071.1,Tstd:448.4,Bpos:1070.1,Bstd:596.5,StrandBias:0.0,Multiplicity:12.75
0.100	0.700	0.100	0.100
0.100	0.100	0.700	0.100
0.100	0.100	0.700	0.100
0.700	0.100	0.100	0.100
>VAAH	5-VAAH	2.662719	-5.031442	0	T:6588.0(99.53%),B:37742.2(99.26%),P:1e-2	Tpos:984.0,Tstd:646.4,Bpos:986.2,Bstd:754.1,StrandBias:-0.3,Multiplicity:10.87
0.330	0.278	0.253	0.139
0.709	0.052	0.118	0.121
0.706	0.144	0.005	0.145
0.339	0.313	0.136	0.212
>CACC	6-CACC	5.409019	-4.180251	0	T:6617.0(99.97%),B:37976.5(99.87%),P:1e-1	Tpos:1077.7,Tstd:544.3,Bpos:1055.9,Bstd:646.6,StrandBias:-0.4,Multiplicity:11.37
0.060	0.935	0.004	0.001
0.997	0.001	0.001	0.001
0.059	0.939	0.001	0.001
0.001	0.997	0.001	0.001
>ACAG	7-ACAG	4.118477	-3.443318	0	T:6617.0(99.97%),B:37982.7(99.89%),P:1e-1	Tpos:1036.7,Tstd:589.7,Bpos:1028.6,Bstd:672.4,StrandBias:-0.2,Multiplicity:10.63
0.700	0.100	0.100	0.100
0.100	0.700	0.100	0.100
0.700	0.100	0.100	0.100
0.100	0.100	0.700	0.100
>CCAA	8-CCAA	4.118477	-2.506585	0	T:6617.0(99.97%),B:37990.3(99.91%),P:1e-1	Tpos:1044.3,Tstd:574.6,Bpos:1033.8,Bstd:671.3,StrandBias:-0.3,Multiplicity:6.80
0.100	0.700	0.100	0.100
0.100	0.700	0.100	0.100
0.700	0.100	0.100	0.100
0.700	0.100	0.100	0.100
>GAGC	9-GAGC	5.449665	-2.225191	0	T:6615.0(99.94%),B:37977.6(99.88%),P:1e0	Tpos:1065.2,Tstd:512.8,Bpos:1053.9,Bstd:627.1,StrandBias:0.1,Multiplicity:11.83
0.019	0.001	0.979	0.001
0.997	0.001	0.001	0.001
0.001	0.001	0.997	0.001
0.001	0.934	0.001	0.064
>CTGG	10-CTGG	4.118477	-1.955748	0	T:6617.0(99.97%),B:37995.4(99.92%),P:1e0	Tpos:1065.7,Tstd:544.7,Bpos:1052.4,Bstd:642.3,StrandBias:0.2,Multiplicity:17.80
0.100	0.700	0.100	0.100
0.100	0.100	0.100	0.700
0.100	0.100	0.700	0.100
0.100	0.100	0.700	0.100
>AGTA	11-AGTA	4.118477	-1.309991	0	T:6470.0(97.75%),B:37117.6(97.61%),P:1e0	Tpos:1004.8,Tstd:633.5,Bpos:997.6,Bstd:730.2,StrandBias:0.0,Multiplicity:5.49
0.700	0.100	0.100	0.100
0.100	0.100	0.700	0.100
0.100	0.100	0.100	0.700
0.700	0.100	0.100	0.100
>TGGC	12-TGGC	4.118477	-1.189359	0	T:6614.0(99.92%),B:37983.8(99.89%),P:1e0	Tpos:1048.7,Tstd:544.4,Bpos:1041.6,Bstd:638.3,StrandBias:0.1,Multiplicity:12.02
0.100	0.100	0.100	0.700
0.100	0.100	0.700	0.100
0.100	0.100	0.700	0.100
0.100	0.700	0.100	0.100
>GGAA	13-GGAA	5.450605	-1.060148	0	T:6617.0(99.97%),B:38004.5(99.95%),P:1e0	Tpos:1034.0,Tstd:580.2,Bpos:1030.1,Bstd:678.7,StrandBias:-0.0,Multiplicity:13.61
0.001	0.001	0.997	0.001
0.001	0.001	0.918	0.080
0.997	0.001	0.001	0.001
0.997	0.001	0.001	0.001
>GGCGG	1-GGCGG	5.903038	-88.050746	0	T:6490.0(98.05%),B:36010.9(94.70%),P:1e-38	Tpos:1082.9,Tstd:413.7,Bpos:1073.2,Bstd:567.4,StrandBias:0.2,Multiplicity:8.37
0.001	0.199	0.799	0.001
0.001	0.231	0.767	0.001
0.001	0.997	0.001	0.001
0.001	0.231	0.767	0.001
0.002	0.234	0.763	0.001
>CGGAA	2-CGGAA	5.148096	-59.393287	0	T:6058.0(91.52%),B:33110.1(87.07%),P:1e-25	Tpos:1043.2,Tstd:445.9,Bpos:1048.7,Bstd:592.3,StrandBias:-0.1,Multiplicity:3.11
0.100	0.700	0.100	0.100
0.100	0.100	0.700	0.100
0.100	0.100	0.700	0.100
0.700	0.100	0.100	0.100
0.700	0.100	0.100	0.100
>KCGTA	3-KCGTA	3.903518	-45.389305	0	T:5730.0(86.57%),B:31200.0(82.05%),P:1e-19	Tpos:1063.1,Tstd:483.4,Bpos:1073.3,Bstd:630.3,StrandBias:-0.1,Multiplicity:1.77
0.001	0.049	0.500	0.450
0.001	0.997	0.001	0.001
0.001	0.001	0.997	0.001
0.001	0.001	0.001	0.997
0.997	0.001	0.001	0.001
>AATCG	4-AATCG	5.148096	-32.349026	0	T:3897.0(58.88%),B:20456.4(53.80%),P:1e-14	Tpos:1033.3,Tstd:535.4,Bpos:1038.4,Bstd:673.7,StrandBias:-0.1,Multiplicity:1.62
0.700	0.100	0.100	0.100
0.700	0.100	0.100	0.100
0.100	0.100	0.100	0.700
0.100	0.700	0.100	0.100
0.100	0.100	0.700	0.100
>WACGS	5-WACGS	4.130028	-31.582781	0	T:6395.0(96.62%),B:35926.7(94.48%),P:1e-13	Tpos:1066.0,Tstd:499.4,Bpos:1056.3,Bstd:639.9,StrandBias:0.0,Multiplicity:1.59
0.433	0.129	0.114	0.325
0.989	0.001	0.003	0.007
0.064	0.922	0.008	0.006
0.208	0.117	0.432	0.243
0.096	0.356	0.494	0.054
>CGTAA	6-CGTAA	5.148096	-31.196376	0	T:3215.0(48.57%),B:16571.4(43.58%),P:1e-13	Tpos:1019.2,Tstd:556.4,Bpos:1035.8,Bstd:678.0,StrandBias:-0.0,Multiplicity:1.49
0.100	0.700	0.100	0.100
0.100	0.100	0.700	0.100
0.100	0.100	0.100	0.700
0.700	0.100	0.100	0.100
0.700	0.100	0.100	0.100
>CGTTT	7-CGTTT	5.854797	-27.429898	0	T:5272.0(79.65%),B:28795.5(75.73%),P:1e-11	Tpos:1036.6,Tstd:565.5,Bpos:1030.0,Bstd:715.8,StrandBias:0.3,Multiplicity:2.08
0.001	0.721	0.277	0.001
0.001	0.001	0.997	0.001
0.001	0.282	0.001	0.716
0.001	0.001	0.001	0.997
0.005	0.001	0.330	0.664
>ATACG	8-ATACG	5.148096	-23.262998	0	T:2578.0(38.95%),B:13248.4(34.84%),P:1e-10	Tpos:1022.2,Tstd:587.7,Bpos:1010.3,Bstd:719.2,StrandBias:-0.1,Multiplicity:1.33
0.700	0.100	0.100	0.100
0.100	0.100	0.100	0.700
0.700	0.100	0.100	0.100
0.100	0.700	0.100	0.100
0.100	0.100	0.700	0.100
>CGTAC	9-CGTAC	6.916448	-21.828027	0	T:3062.0(46.26%),B:16036.3(42.17%),P:1e-9	Tpos:1080.6,Tstd:534.3,Bpos:1030.9,Bstd:671.7,StrandBias:-0.6,Multiplicity:1.09
0.001	0.997	0.001	0.001
0.001	0.001	0.997	0.001
0.001	0.001	0.001	0.997
0.997	0.001	0.001	0.001
0.001	0.997	0.001	0.001
>ATTGG	10-ATTGG	5.148096	-19.826972	0	T:5454.0(82.40%),B:30154.5(79.30%),P:1e-8	Tpos:981.0,Tstd:551.2,Bpos:983.1,Bstd:651.7,StrandBias:0.2,Multiplicity:2.45
0.700	0.100	0.100	0.100
0.100	0.100	0.100	0.700
0.100	0.100	0.100	0.700
0.100	0.100	0.700	0.100
0.100	0.100	0.700	0.100
>ACGTC	11-ACGTC	5.148096	-18.864441	0	T:4576.0(69.13%),B:24929.5(65.56%),P:1e-8	Tpos:1040.7,Tstd:468.8,Bpos:1052.4,Bstd:601.4,StrandBias:-0.2,Multiplicity:1.51
0.700	0.100	0.100	0.100
0.100	0.700	0.100	0.100
0.100	0.100	0.700	0.100
0.100	0.100	0.100	0.700
0.100	0.700	0.100	0.100
>GTAGT	12-GTAGT	5.148096	-18.646140	0	T:4666.0(70.49%),B:25471.0(66.98%),P:1e-8	Tpos:1018.3,Tstd:579.4,Bpos:1012.4,Bstd:689.6,StrandBias:0.1,Multiplicity:1.99
0.100	0.100	0.700	0.100
0.100	0.100	0.100	0.700
0.700	0.100	0.100	0.100
0.100	0.100	0.700	0.100
0.100	0.100	0.100	0.700
>AACGT	13-AACGT	5.148096	-17.238897	0	T:4076.0(61.58%),B:22068.3(58.04%),P:1e-7	Tpos:1034.7,Tstd:556.9,Bpos:1030.3,Bstd:685.6,StrandBias:0.1,Multiplicity:1.32
0.700	0.100	0.100	0.100
0.700	0.100	0.100	0.100
0.100	0.700	0.100	0.100
0.100	0.100	0.700	0.100
0.100	0.100	0.100	0.700
>GGGCC	14-GGGCC	6.755476	-11.926837	0	T:6511.0(98.37%),B:37080.9(97.52%),P:1e-5	Tpos:1087.2,Tstd:474.6,Bpos:1075.2,Bstd:603.3,StrandBias:0.1,Multiplicity:7.82
0.033	0.003	0.963	0.001
0.064	0.001	0.934	0.001
0.001	0.001	0.997	0.001
0.001	0.997	0.001	0.001
0.006	0.938	0.032	0.024
>GGAGC	15-GGAGC	5.148096	-6.452649	0	T:6569.0(99.24%),B:37584.8(98.84%),P:1e-2	Tpos:1076.0,Tstd:479.3,Bpos:1065.4,Bstd:603.6,StrandBias:0.2,Multiplicity:7.76
0.100	0.100	0.700	0.100
0.100	0.100	0.700	0.100
0.700	0.100	0.100	0.100
0.100	0.100	0.700	0.100
0.100	0.700	0.100	0.100
>TAGGG	16-TAGGG	6.916448	-5.969306	0	T:5977.0(90.30%),B:33899.2(89.15%),P:1e-2	Tpos:1039.0,Tstd:589.8,Bpos:1004.5,Bstd:683.4,StrandBias:0.3,Multiplicity:1.29
0.001	0.001	0.001	0.997
0.997	0.001	0.001	0.001
0.001	0.001	0.997	0.001
0.001	0.001	0.997	0.001
0.001	0.001	0.997	0.001
>GGAGG	17-GGAGG	6.788444	-5.957957	0	T:6597.0(99.67%),B:37794.0(99.39%),P:1e-2	Tpos:1074.3,Tstd:508.9,Bpos:1063.6,Bstd:619.9,StrandBias:0.2,Multiplicity:10.13
0.001	0.055	0.943	0.001
0.001	0.001	0.997	0.001
0.934	0.001	0.064	0.001
0.001	0.008	0.990	0.001
0.001	0.001	0.997	0.001
>GCATA	18-GCATA	5.148096	-5.665349	0	T:3884.0(58.68%),B:21633.5(56.89%),P:1e-2	Tpos:993.9,Tstd:635.4,Bpos:974.5,Bstd:720.7,StrandBias:-0.0,Multiplicity:1.66
0.100	0.100	0.700	0.100
0.100	0.700	0.100	0.100
0.700	0.100	0.100	0.100
0.100	0.100	0.100	0.700
0.700	0.100	0.100	0.100
>CAACA	19-CAACA	5.148096	-5.233437	0	T:5733.0(86.61%),B:32480.3(85.42%),P:1e-2	Tpos:1036.3,Tstd:608.3,Bpos:1022.7,Bstd:700.8,StrandBias:-0.3,Multiplicity:1.75
0.100	0.700	0.100	0.100
0.700	0.100	0.100	0.100
0.700	0.100	0.100	0.100
0.100	0.700	0.100	0.100
0.700	0.100	0.100	0.100
>CCAAC	20-CCAAC	5.148096	-5.109523	0	T:6148.0(92.88%),B:34977.0(91.98%),P:1e-2	Tpos:1064.5,Tstd:574.2,Bpos:1043.8,Bstd:665.0,StrandBias:-0.4,Multiplicity:2.19
0.100	0.700	0.100	0.100
0.100	0.700	0.100	0.100
0.700	0.100	0.100	0.100
0.700	0.100	0.100	0.100
0.100	0.700	0.100	0.100
>GCTGT	21-GCTGT	5.148096	-3.018180	0	T:6421.0(97.01%),B:36734.1(96.61%),P:1e-1	Tpos:1055.8,Tstd:550.6,Bpos:1047.5,Bstd:646.3,StrandBias:0.3,Multiplicity:3.59
0.100	0.100	0.700	0.100
0.100	0.700	0.100	0.100
0.100	0.100	0.100	0.700
0.100	0.100	0.700	0.100
0.100	0.100	0.100	0.700
>CTACG	22-CTACG	3.202186	-2.593298	0	T:6618.0(99.98%),B:37998.8(99.93%),P:1e-1	Tpos:1059.6,Tstd:502.1,Bpos:1053.7,Bstd:628.2,StrandBias:-0.0,Multiplicity:15.19
0.100	0.700	0.100	0.100
0.100	0.100	0.100	0.700
0.700	0.100	0.100	0.100
0.100	0.700	0.100	0.100
0.100	0.100	0.700	0.100
>TACGT	23-TACGT	3.202186	-2.335213	0	T:6618.0(99.98%),B:38000.1(99.93%),P:1e-1	Tpos:1030.1,Tstd:577.8,Bpos:1030.5,Bstd:686.3,StrandBias:0.1,Multiplicity:8.48
0.100	0.100	0.100	0.700
0.700	0.100	0.100	0.100
0.100	0.700	0.100	0.100
0.100	0.100	0.700	0.100
0.100	0.100	0.100	0.700
>CATAT	24-CATAT	3.202186	-2.287171	0	T:6616.0(99.95%),B:37984.2(99.89%),P:1e0	Tpos:988.7,Tstd:643.6,Bpos:988.7,Bstd:720.5,StrandBias:-0.1,Multiplicity:18.80
0.100	0.700	0.100	0.100
0.700	0.100	0.100	0.100
0.100	0.100	0.100	0.700
0.700	0.100	0.100	0.100
0.100	0.100	0.100	0.700
>ACAGT	25-ACAGT	5.148096	-0.227236	0	T:5644.0(85.27%),B:32567.9(85.65%),P:1e0	Tpos:1013.3,Tstd:621.5,Bpos:1011.0,Bstd:704.4,StrandBias:-0.1,Multiplicity:2.25
0.700	0.100	0.100	0.100
0.100	0.700	0.100	0.100
0.700	0.100	0.100	0.100
0.100	0.100	0.700	0.100
0.100	0.100	0.100	0.700
>CGGAAG	1-CGGAAG	6.177716	-63.270274	0	T:4448.0(67.20%),B:22871.2(60.15%),P:1e-27	Tpos:1036.4,Tstd:412.5,Bpos:1042.8,Bstd:551.8,StrandBias:0.0,Multiplicity:1.85
0.100	0.700	0.100	0.100
0.100	0.100	0.700	0.100
0.100	0.100	0.700	0.100
0.700	0.100	0.100	0.100
0.700	0.100	0.100	0.100
0.100	0.100	0.700	0.100
>TTCCGG	2-TTCCGG	6.177716	-59.793573	0	T:4148.0(62.67%),B:21173.3(55.68%),P:1e-25	Tpos:1035.8,Tstd:452.7,Bpos:1062.0,Bstd:614.6,StrandBias:0.3,Multiplicity:1.20
0.100	0.100	0.100	0.700
0.100	0.100	0.100	0.700
0.100	0.700	0.100	0.100
0.100	0.700	0.100	0.100
0.100	0.100	0.700	0.100
0.100	0.100	0.700	0.100
>CGTAAA	3-CGTAAA	4.249623	-51.452240	0	T:4126.0(62.34%),B:21248.0(55.88%),P:1e-22	Tpos:1026.8,Tstd:561.9,Bpos:1025.9,Bstd:700.4,StrandBias:-0.0,Multiplicity:1.72
0.001	0.997	0.001	0.001
0.001	0.001	0.997	0.001
0.001	0.001	0.001	0.997
0.997	0.001	0.001	0.001
0.658	0.001	0.263	0.078
0.776	0.001	0.001	0.222
>GTYACG	4-GTYACG	6.155899	-37.452473	0	T:4562.0(68.92%),B:24210.0(63.67%),P:1e-16	Tpos:1037.3,Tstd:449.6,Bpos:1043.2,Bstd:589.9,StrandBias:0.1,Multiplicity:1.74
0.001	0.001	0.997	0.001
0.248	0.001	0.001	0.750
0.001	0.437	0.001	0.561
0.716	0.282	0.001	0.001
0.022	0.976	0.001	0.001
0.001	0.001	0.997	0.001
>GCGGAA	5-GCGGAA	6.177716	-35.495438	0	T:3856.0(58.26%),B:20118.6(52.91%),P:1e-15	Tpos:1048.5,Tstd:458.2,Bpos:1027.3,Bstd:614.8,StrandBias:-0.2,Multiplicity:1.17
0.100	0.100	0.700	0.100
0.100	0.700	0.100	0.100
0.100	0.100	0.700	0.100
0.100	0.100	0.700	0.100
0.700	0.100	0.100	0.100
0.700	0.100	0.100	0.100
>AACGTT	6-AACGTT	1.610929	-32.503273	0	T:5074.0(76.66%),B:27436.4(72.15%),P:1e-14	Tpos:1032.5,Tstd:565.5,Bpos:1024.5,Bstd:698.5,StrandBias:-0.1,Multiplicity:1.45
0.882	0.001	0.001	0.116
0.986	0.012	0.001	0.001
0.001	0.997	0.001	0.001
0.001	0.001	0.997	0.001
0.001	0.101	0.001	0.897
0.013	0.001	0.001	0.985
>TCGCGA	7-TCGCGA	1.179836	-29.416239	0	T:5425.0(81.96%),B:29675.2(78.04%),P:1e-12	Tpos:1065.6,Tstd:486.7,Bpos:1052.4,Bstd:634.1,StrandBias:-0.1,Multiplicity:2.27
0.001	0.001	0.001	0.997
0.194	0.804	0.001	0.001
0.001	0.001	0.701	0.297
0.001	0.997	0.001	0.001
0.001	0.001	0.997	0.001
0.997	0.001	0.001	0.001
>CGACTA	8-CGACTA	6.620587	-26.271140	0	T:2847.0(43.01%),B:14653.8(38.54%),P:1e-11	Tpos:1033.8,Tstd:490.3,Bpos:1049.0,Bstd:633.4,StrandBias:-0.1,Multiplicity:1.33
0.192	0.806	0.001	0.001
0.001	0.001	0.997	0.001
0.731	0.267	0.001	0.001
0.001	0.859	0.001	0.139
0.001	0.001	0.001	0.997
0.997	0.001	0.001	0.001
>KGTAGT	9-KGTAGT	7.534872	-25.886346	0	T:3547.0(53.59%),B:18655.7(49.06%),P:1e-11	Tpos:1014.9,Tstd:581.7,Bpos:1008.0,Bstd:681.4,StrandBias:0.2,Multiplicity:1.53
0.001	0.001	0.464	0.534
0.001	0.001	0.997	0.001
0.001	0.001	0.001	0.997
0.997	0.001	0.001	0.001
0.001	0.001	0.997	0.001
0.001	0.001	0.001	0.997
>ATGGCG	10-ATGGCG	6.177716	-24.804297	0	T:3183.0(48.09%),B:16611.1(43.68%),P:1e-10	Tpos:1056.5,Tstd:400.0,Bpos:1069.7,Bstd:538.6,StrandBias:0.3,Multiplicity:1.40
0.700	0.100	0.100	0.100
0.100	0.100	0.100	0.700
0.100	0.100	0.700	0.100
0.100	0.100	0.700	0.100
0.100	0.700	0.100	0.100
0.100	0.100	0.700	0.100
>ATTGGT	11-ATTGGT	4.372819	-21.833552	0	T:4066.0(61.43%),B:21816.7(57.37%),P:1e-9	Tpos:995.4,Tstd:569.8,Bpos:991.1,Bstd:673.6,StrandBias:0.1,Multiplicity:1.75
0.997	0.001	0.001	0.001
0.001	0.001	0.001	0.997
0.001	0.053	0.001	0.945
0.001	0.001	0.997	0.001
0.001	0.014	0.984	0.001
0.021	0.002	0.015	0.962
>GGCGAA	12-GGCGAA	6.177716	-21.460327	0	T:2958.0(44.69%),B:15460.5(40.66%),P:1e-9	Tpos:1061.8,Tstd:459.9,Bpos:1058.7,Bstd:615.4,StrandBias:-0.1,Multiplicity:1.36
0.100	0.100	0.700	0.100
0.100	0.100	0.700	0.100
0.100	0.700	0.100	0.100
0.100	0.100	0.700	0.100
0.700	0.100	0.100	0.100
0.700	0.100	0.100	0.100
>GCCGAC	13-GCCGAC	6.177716	-21.025814	0	T:3352.0(50.64%),B:17723.9(46.61%),P:1e-9	Tpos:1083.5,Tstd:434.9,Bpos:1074.9,Bstd:593.4,StrandBias:-0.1,Multiplicity:1.50
0.100	0.100	0.700	0.100
0.100	0.700	0.100	0.100
0.100	0.700	0.100	0.100
0.100	0.100	0.700	0.100
0.700	0.100	0.100	0.100
0.100	0.700	0.100	0.100
>AAAACG	14-AAAACG	8.299738	-14.463365	0	T:2678.0(40.46%),B:14178.3(37.29%),P:1e-6	Tpos:1027.1,Tstd:588.3,Bpos:1022.4,Bstd:745.1,StrandBias:-0.3,Multiplicity:1.34
0.997	0.001	0.001	0.001
0.997	0.001	0.001	0.001
0.997	0.001	0.001	0.001
0.997	0.001	0.001	0.001
0.001	0.997	0.001	0.001
0.001	0.001	0.997	0.001
>CGCAAV	15-CGCAAV	5.117930	-10.906531	0	T:3913.0(59.12%),B:21442.1(56.39%),P:1e-4	Tpos:1040.9,Tstd:503.0,Bpos:1059.4,Bstd:643.7,StrandBias:-0.2,Multiplicity:1.20
0.150	0.549	0.097	0.204
0.001	0.316	0.682	0.001
0.074	0.465	0.157	0.303
0.992	0.003	0.002	0.003
0.996	0.001	0.002	0.001
0.237	0.369	0.236	0.159
>TTTGAG	16-TTTGAG	6.177716	-8.559790	0	T:3570.0(53.94%),B:19607.3(51.56%),P:1e-3	Tpos:1024.8,Tstd:622.4,Bpos:1011.7,Bstd:724.0,StrandBias:0.4,Multiplicity:1.49
0.100	0.100	0.100	0.700
0.100	0.100	0.100	0.700
0.100	0.100	0.100	0.700
0.100	0.100	0.700	0.100
0.700	0.100	0.100	0.100
0.100	0.100	0.700	0.100
>GGCGGA	17-GGCGGA	4.231805	-7.742996	0	T:6615.0(99.94%),B:37927.8(99.74%),P:1e-3	Tpos:1073.8,Tstd:487.9,Bpos:1066.8,Bstd:613.3,StrandBias:0.1,Multiplicity:9.15
0.100	0.100	0.700	0.100
0.100	0.100	0.700	0.100
0.100	0.700	0.100	0.100
0.100	0.100	0.700	0.100
0.100	0.100	0.700	0.100
0.700	0.100	0.100	0.100
>TGGCGG	18-TGGCGG	4.231805	-6.295788	0	T:6616.0(99.95%),B:37949.7(99.80%),P:1e-2	Tpos:1075.0,Tstd:467.0,Bpos:1062.0,Bstd:596.5,StrandBias:0.3,Multiplicity:10.91
0.100	0.100	0.100	0.700
0.100	0.100	0.700	0.100
0.100	0.100	0.700	0.100
0.100	0.700	0.100	0.100
0.100	0.100	0.700	0.100
0.100	0.100	0.700	0.100
>TACTGG	19-TACTGG	6.177716	-5.317633	0	T:2436.0(36.80%),B:13365.0(35.15%),P:1e-2	Tpos:1061.2,Tstd:586.3,Bpos:1022.3,Bstd:690.0,StrandBias:0.0,Multiplicity:1.21
0.100	0.100	0.100	0.700
0.700	0.100	0.100	0.100
0.100	0.700	0.100	0.100
0.100	0.100	0.100	0.700
0.100	0.100	0.700	0.100
0.100	0.100	0.700	0.100
>CTGGCG	20-CTGGCG	4.231805	-5.017924	0	T:6615.0(99.94%),B:37950.4(99.80%),P:1e-2	Tpos:1082.2,Tstd:465.5,Bpos:1073.4,Bstd:597.5,StrandBias:0.2,Multiplicity:14.32
0.100	0.700	0.100	0.100
0.100	0.100	0.100	0.700
0.100	0.100	0.700	0.100
0.100	0.100	0.700	0.100
0.100	0.700	0.100	0.100
0.100	0.100	0.700	0.100
>GATTGG	21-GATTGG	4.231805	-1.897041	0	T:6616.0(99.95%),B:37988.3(99.90%),P:1e0	Tpos:1042.0,Tstd:563.9,Bpos:1032.4,Bstd:660.1,StrandBias:0.3,Multiplicity:10.63
0.100	0.100	0.700	0.100
0.700	0.100	0.100	0.100
0.100	0.100	0.100	0.700
0.100	0.100	0.100	0.700
0.100	0.100	0.700	0.100
0.100	0.100	0.700	0.100
>CAACAG	22-CAACAG	6.177716	-1.843452	0	T:3259.0(49.24%),B:18465.9(48.56%),P:1e0	Tpos:1062.9,Tstd:589.5,Bpos:1033.9,Bstd:674.8,StrandBias:-0.3,Multiplicity:1.43
0.100	0.700	0.100	0.100
0.700	0.100	0.100	0.100
0.700	0.100	0.100	0.100
0.100	0.700	0.100	0.100
0.700	0.100	0.100	0.100
0.100	0.100	0.700	0.100
>AACAGT	23-AACAGT	4.231805	-1.599423	0	T:6607.0(99.82%),B:37931.3(99.75%),P:1e0	Tpos:1006.6,Tstd:628.3,Bpos:1005.0,Bstd:717.8,StrandBias:-0.1,Multiplicity:8.46
0.700	0.100	0.100	0.100
0.700	0.100	0.100	0.100
0.100	0.700	0.100	0.100
0.700	0.100	0.100	0.100
0.100	0.100	0.700	0.100
0.100	0.100	0.100	0.700
>AGGGAA	24-AGGGAA	6.177716	-1.385192	0	T:5227.0(78.97%),B:29884.8(78.59%),P:1e0	Tpos:1038.7,Tstd:577.6,Bpos:1028.3,Bstd:673.8,StrandBias:-0.1,Multiplicity:1.85
0.700	0.100	0.100	0.100
0.100	0.100	0.700	0.100
0.100	0.100	0.700	0.100
0.100	0.100	0.700	0.100
0.700	0.100	0.100	0.100
0.700	0.100	0.100	0.100
>ACTGGC	25-ACTGGC	4.231805	-1.148437	0	T:6615.0(99.94%),B:37990.5(99.91%),P:1e0	Tpos:1060.1,Tstd:527.1,Bpos:1051.2,Bstd:633.2,StrandBias:-0.0,Multiplicity:11.97
0.700	0.100	0.100	0.100
0.100	0.700	0.100	0.100
0.100	0.100	0.100	0.700
0.100	0.100	0.700	0.100
0.100	0.100	0.700	0.100
0.100	0.700	0.100	0.100
>CTTACGK	1-CTTACGK	6.563883	-76.650287	0	T:3946.0(59.62%),B:19616.2(51.59%),P:1e-33	Tpos:1022.1,Tstd:459.9,Bpos:1042.2,Bstd:582.2,StrandBias:0.0,Multiplicity:1.67
0.276	0.428	0.135	0.160
0.140	0.001	0.001	0.858
0.001	0.001	0.001	0.997
0.693	0.305	0.001	0.001
0.001	0.997	0.001	0.001
0.001	0.001	0.997	0.001
0.001	0.001	0.459	0.539
>TTTCGKC	2-TTTCGKC	6.678072	-58.488329	0	T:3730.0(56.35%),B:18767.3(49.36%),P:1e-25	Tpos:1048.6,Tstd:462.0,Bpos:1057.9,Bstd:608.4,StrandBias:0.2,Multiplicity:1.39
0.001	0.001	0.003	0.995
0.061	0.001	0.222	0.716
0.119	0.174	0.227	0.480
0.001	0.822	0.176	0.001
0.001	0.001	0.997	0.001
0.004	0.001	0.572	0.423
0.004	0.976	0.001	0.019
>GGGCGGG	3-GGGCGGG	7.207335	-52.545938	0	T:5235.0(79.09%),B:27911.7(73.40%),P:1e-22	Tpos:1039.9,Tstd:403.2,Bpos:1034.0,Bstd:547.0,StrandBias:0.3,Multiplicity:2.55
0.100	0.100	0.700	0.100
0.100	0.100	0.700	0.100
0.100	0.100	0.700	0.100
0.100	0.700	0.100	0.100
0.100	0.100	0.700	0.100
0.100	0.100	0.700	0.100
0.100	0.100	0.700	0.100
>TAGTTCG	4-TAGTTCG	5.868078	-44.867946	0	T:3369.0(50.90%),B:17043.0(44.82%),P:1e-19	Tpos:1046.7,Tstd:528.8,Bpos:1032.0,Bstd:656.7,StrandBias:0.1,Multiplicity:1.43
0.063	0.073	0.001	0.863
0.770	0.099	0.130	0.001
0.001	0.086	0.852	0.061
0.001	0.053	0.086	0.860
0.042	0.090	0.001	0.867
0.001	0.997	0.001	0.001
0.001	0.166	0.832	0.001
>TTGGCGT	5-TTGGCGT	2.913885	-40.765308	0	T:4114.0(62.15%),B:21466.5(56.45%),P:1e-17	Tpos:1065.2,Tstd:430.0,Bpos:1066.6,Bstd:581.6,StrandBias:0.4,Multiplicity:1.62
0.131	0.001	0.001	0.867
0.001	0.001	0.001	0.997
0.001	0.013	0.985	0.001
0.001	0.001	0.997	0.001
0.001	0.997	0.001	0.001
0.001	0.001	0.997	0.001
0.001	0.001	0.101	0.897
>TACGACG	6-TACGACG	5.576933	-40.222394	0	T:3231.0(48.81%),B:16386.5(43.09%),P:1e-17	Tpos:1073.6,Tstd:475.3,Bpos:1070.3,Bstd:628.7,StrandBias:0.2,Multiplicity:1.42
0.052	0.001	0.095	0.852
0.872	0.001	0.054	0.073
0.001	0.954	0.044	0.001
0.001	0.087	0.911	0.001
0.684	0.159	0.100	0.057
0.060	0.818	0.092	0.030
0.001	0.001	0.968	0.030
>CCATTGG	7-CCATTGG	6.501141	-33.407234	0	T:3040.0(45.93%),B:15508.0(40.78%),P:1e-14	Tpos:964.2,Tstd:487.2,Bpos:967.3,Bstd:593.0,StrandBias:-0.1,Multiplicity:1.45
0.001	0.840	0.001	0.158
0.001	0.590	0.139	0.270
0.997	0.001	0.001	0.001
0.001	0.001	0.001	0.997
0.083	0.001	0.001	0.915
0.001	0.001	0.997	0.001
0.001	0.001	0.997	0.001
>TACGGTT	8-TACGGTT	5.810540	-33.153832	0	T:3257.0(49.21%),B:16747.3(44.04%),P:1e-14	Tpos:1019.0,Tstd:587.7,Bpos:1016.2,Bstd:698.8,StrandBias:0.2,Multiplicity:1.41
0.001	0.001	0.067	0.931
0.905	0.093	0.001	0.001
0.172	0.661	0.101	0.066
0.001	0.054	0.944	0.001
0.050	0.047	0.795	0.108
0.045	0.045	0.045	0.865
0.029	0.001	0.074	0.896
>CTCGCGA	9-CTCGCGA	4.736166	-31.787773	0	T:3535.0(53.41%),B:18382.3(48.34%),P:1e-13	Tpos:1061.9,Tstd:467.5,Bpos:1043.6,Bstd:614.4,StrandBias:0.0,Multiplicity:1.48
0.112	0.648	0.239	0.001
0.001	0.001	0.001	0.997
0.060	0.884	0.001	0.055
0.001	0.001	0.930	0.068
0.084	0.914	0.001	0.001
0.001	0.001	0.905	0.093
0.997	0.001	0.001	0.001
>ACSGCCG	10-ACSGCCG	6.071800	-31.182767	0	T:4230.0(63.91%),B:22440.5(59.02%),P:1e-13	Tpos:1097.8,Tstd:435.6,Bpos:1083.5,Bstd:592.2,StrandBias:-0.2,Multiplicity:1.66
0.902	0.001	0.001	0.096
0.001	0.997	0.001	0.001
0.001	0.471	0.527	0.001
0.413	0.001	0.585	0.001
0.001	0.997	0.001	0.001
0.001	0.997	0.001	0.001
0.001	0.001	0.902	0.096
>ACCGAWT	11-ACCGAWT	5.764397	-30.036536	0	T:3130.0(47.29%),B:16126.6(42.41%),P:1e-13	Tpos:1041.2,Tstd:547.1,Bpos:1054.0,Bstd:673.5,StrandBias:-0.0,Multiplicity:1.38
0.732	0.001	0.197	0.070
0.001	0.844	0.001	0.154
0.001	0.596	0.402	0.001
0.001	0.001	0.997	0.001
0.609	0.001	0.389	0.001
0.495	0.001	0.001	0.503
0.196	0.173	0.001	0.630
>AGACTAC	12-AGACTAC	7.033350	-28.402628	0	T:2230.0(33.69%),B:11136.9(29.29%),P:1e-12	Tpos:998.2,Tstd:590.1,Bpos:987.3,Bstd:682.9,StrandBias:-0.1,Multiplicity:1.26
0.714	0.035	0.250	0.001
0.327	0.128	0.544	0.001
0.744	0.251	0.004	0.001
0.001	0.721	0.001	0.277
0.001	0.001	0.001	0.997
0.988	0.001	0.010	0.001
0.035	0.963	0.001	0.001
>ATCGGAG	13-ATCGGAG	6.494756	-26.551549	0	T:2144.0(32.39%),B:10720.8(28.19%),P:1e-11	Tpos:1083.0,Tstd:525.0,Bpos:1068.7,Bstd:661.8,StrandBias:0.0,Multiplicity:1.16
0.622	0.097	0.150	0.131
0.326	0.001	0.005	0.668
0.001	0.997	0.001	0.001
0.135	0.001	0.863	0.001
0.001	0.001	0.997	0.001
0.731	0.006	0.001	0.262
0.231	0.155	0.609	0.005
>TYMATCG	14-TYMATCG	5.447897	-26.402502	0	T:3150.0(47.59%),B:16365.2(43.04%),P:1e-11	Tpos:1052.4,Tstd:560.4,Bpos:1061.4,Bstd:687.2,StrandBias:-0.1,Multiplicity:1.36
0.347	0.001	0.001	0.651
0.001	0.483	0.001	0.515
0.453	0.545	0.001	0.001
0.894	0.001	0.066	0.039
0.112	0.001	0.039	0.848
0.001	0.997	0.001	0.001
0.001	0.001	0.997	0.001
>AAGCGTT	15-AAGCGTT	4.232071	-25.724598	0	T:3924.0(59.28%),B:20841.2(54.81%),P:1e-11	Tpos:1059.4,Tstd:509.8,Bpos:1054.2,Bstd:653.4,StrandBias:0.2,Multiplicity:1.48
0.927	0.016	0.001	0.056
0.489	0.271	0.076	0.164
0.001	0.001	0.997	0.001
0.001	0.997	0.001	0.001
0.001	0.001	0.997	0.001
0.001	0.001	0.016	0.982
0.002	0.001	0.001	0.996
>GCGGAAG	16-GCGGAAG	7.334428	-24.918252	0	T:3179.0(48.03%),B:16584.7(43.62%),P:1e-10	Tpos:1052.7,Tstd:422.5,Bpos:1045.7,Bstd:571.7,StrandBias:0.1,Multiplicity:1.39
0.001	0.001	0.997	0.001
0.001	0.997	0.001	0.001
0.001	0.118	0.880	0.001
0.213	0.001	0.785	0.001
0.844	0.001	0.001	0.154
0.997	0.001	0.001	0.001
0.001	0.111	0.887	0.001
>GTCGTCG	17-GTCGTCG	6.396162	-19.906756	0	T:2706.0(40.88%),B:14097.3(37.07%),P:1e-8	Tpos:1092.3,Tstd:483.9,Bpos:1090.3,Bstd:628.5,StrandBias:0.2,Multiplicity:1.28
0.022	0.001	0.976	0.001
0.007	0.110	0.001	0.882
0.201	0.544	0.126	0.129
0.095	0.003	0.643	0.259
0.332	0.023	0.001	0.644
0.001	0.917	0.006	0.076
0.001	0.002	0.991	0.006
>AGGCGGG	18-AGGCGGG	7.207335	-19.599993	0	T:3600.0(54.39%),B:19207.7(50.51%),P:1e-8	Tpos:1050.6,Tstd:427.3,Bpos:1048.3,Bstd:561.0,StrandBias:0.1,Multiplicity:1.56
0.700	0.100	0.100	0.100
0.100	0.100	0.700	0.100
0.100	0.100	0.700	0.100
0.100	0.700	0.100	0.100
0.100	0.100	0.700	0.100
0.100	0.100	0.700	0.100
0.100	0.100	0.700	0.100
>ACCGCGA	19-ACCGCGA	6.953155	-19.339429	0	T:3360.0(50.76%),B:17839.9(46.92%),P:1e-8	Tpos:1073.2,Tstd:475.8,Bpos:1074.4,Bstd:608.7,StrandBias:0.0,Multiplicity:1.38
0.944	0.001	0.054	0.001
0.001	0.730	0.259	0.010
0.055	0.943	0.001	0.001
0.013	0.001	0.985	0.001
0.001	0.591	0.001	0.407
0.001	0.001	0.944	0.054
0.732	0.001	0.001	0.266
>GTTCGAC	20-GTTCGAC	8.001004	-18.148172	0	T:699.0(10.56%),B:3198.2(8.41%),P:1e-7	Tpos:1063.3,Tstd:535.4,Bpos:1043.3,Bstd:681.2,StrandBias:0.5,Multiplicity:1.05
0.002	0.051	0.601	0.346
0.001	0.001	0.020	0.978
0.339	0.047	0.002	0.612
0.001	0.997	0.001	0.001
0.001	0.001	0.971	0.027
0.997	0.001	0.001	0.001
0.002	0.947	0.014	0.037
>MCCDATY	21-MCCDATY	6.109312	-17.749886	0	T:2658.0(40.16%),B:13916.1(36.60%),P:1e-7	Tpos:974.6,Tstd:591.7,Bpos:989.2,Bstd:702.8,StrandBias:-0.2,Multiplicity:1.35
0.425	0.288	0.122	0.165
0.001	0.997	0.001	0.001
0.001	0.588	0.410	0.001
0.388	0.001	0.304	0.307
0.997	0.001	0.001	0.001
0.001	0.143	0.109	0.747
0.001	0.435	0.001	0.563
>CCGYTGA	22-CCGYTGA	6.057938	-17.699384	0	T:4017.0(60.69%),B:21704.5(57.08%),P:1e-7	Tpos:1085.7,Tstd:462.5,Bpos:1066.2,Bstd:603.6,StrandBias:-0.1,Multiplicity:1.54
0.001	0.867	0.001	0.131
0.001	0.869	0.124	0.006
0.033	0.001	0.905	0.061
0.210	0.448	0.001	0.341
0.001	0.131	0.001	0.867
0.001	0.001	0.654	0.344
0.997	0.001	0.001	0.001
>CCGGGCC	23-CCGGGCC	7.207335	-12.316271	0	T:3837.0(57.97%),B:20923.0(55.02%),P:1e-5	Tpos:1112.1,Tstd:423.8,Bpos:1099.8,Bstd:586.2,StrandBias:-0.0,Multiplicity:1.86
0.100	0.700	0.100	0.100
0.100	0.700	0.100	0.100
0.100	0.100	0.700	0.100
0.100	0.100	0.700	0.100
0.100	0.100	0.700	0.100
0.100	0.700	0.100	0.100
0.100	0.700	0.100	0.100
>GGAGTGG	24-GGAGTGG	5.261425	-3.776590	0	T:6598.0(99.68%),B:37833.3(99.50%),P:1e-1	Tpos:1070.2,Tstd:520.6,Bpos:1058.9,Bstd:628.7,StrandBias:0.3,Multiplicity:9.02
0.100	0.100	0.700	0.100
0.100	0.100	0.700	0.100
0.700	0.100	0.100	0.100
0.100	0.100	0.700	0.100
0.100	0.100	0.100	0.700
0.100	0.100	0.700	0.100
0.100	0.100	0.700	0.100
>NNNNNNN	25-NNNNNNN	-nan	0.000000	0	T:0.0(0.00%),B:0.0(0.00%),P:1e0	Tpos:0.0,Tstd:0.0,Bpos:0.0,Bstd:0.0,StrandBias:0.0,Multiplicity:1.00
-nan	-nan	-nan	-nan
-nan	-nan	-nan	-nan
-nan	-nan	-nan	-nan
-nan	-nan	-nan	-nan
-nan	-nan	-nan	-nan
-nan	-nan	-nan	-nan
-nan	-nan	-nan	-nan
>CGGAAGTA	1-CGGAAGTA	6.502231	-77.776786	0	T:3394.0(51.28%),B:16417.1(43.17%),P:1e-33	Tpos:1021.2,Tstd:420.3,Bpos:1034.9,Bstd:557.5,StrandBias:0.0,Multiplicity:1.53
0.001	0.997	0.001	0.001
0.001	0.001	0.954	0.044
0.082	0.015	0.902	0.001
0.913	0.001	0.068	0.018
0.997	0.001	0.001	0.001
0.048	0.023	0.893	0.036
0.046	0.066	0.047	0.841
0.543	0.158	0.221	0.078
>GGCGGGGC	2-GGCGGGGC	6.291044	-49.822250	0	T:6426.0(97.08%),B:35899.4(94.41%),P:1e-21	Tpos:1069.2,Tstd:420.7,Bpos:1063.2,Bstd:566.1,StrandBias:0.2,Multiplicity:7.54
0.100	0.100	0.700	0.100
0.100	0.100	0.700	0.100
0.100	0.700	0.100	0.100
0.100	0.100	0.700	0.100
0.100	0.100	0.700	0.100
0.100	0.100	0.700	0.100
0.100	0.100	0.700	0.100
0.100	0.700	0.100	0.100
>GTAGTTCG	3-GTAGTTCG	5.776958	-43.829111	0	T:3510.0(53.03%),B:17877.9(47.02%),P:1e-19	Tpos:1065.9,Tstd:511.0,Bpos:1060.7,Bstd:633.1,StrandBias:0.2,Multiplicity:1.47
0.001	0.153	0.800	0.046
0.199	0.002	0.122	0.677
0.508	0.091	0.215	0.186
0.001	0.255	0.581	0.163
0.071	0.126	0.002	0.801
0.001	0.206	0.001	0.792
0.117	0.799	0.001	0.083
0.079	0.087	0.833	0.001
>CAAAAACG	4-CAAAAACG	7.134083	-41.351892	0	T:1739.0(26.27%),B:8118.8(21.35%),P:1e-17	Tpos:1059.5,Tstd:582.2,Bpos:1023.0,Bstd:727.1,StrandBias:-0.3,Multiplicity:1.20
0.099	0.870	0.001	0.030
0.882	0.062	0.001	0.055
0.927	0.024	0.048	0.001
0.734	0.080	0.141	0.045
0.906	0.029	0.001	0.064
0.829	0.128	0.001	0.042
0.001	0.997	0.001	0.001
0.001	0.001	0.966	0.032
>TATTGGCG	5-TATTGGCG	7.089687	-40.994316	0	T:1330.0(20.09%),B:5969.4(15.70%),P:1e-17	Tpos:996.6,Tstd:532.0,Bpos:1017.1,Bstd:649.8,StrandBias:0.3,Multiplicity:1.13
0.022	0.037	0.040	0.901
0.895	0.043	0.001	0.061
0.001	0.082	0.060	0.857
0.001	0.023	0.020	0.956
0.034	0.029	0.889	0.048
0.001	0.001	0.997	0.001
0.057	0.892	0.001	0.050
0.001	0.113	0.649	0.237
>GCCTACGC	6-GCCTACGC	7.047889	-39.965479	0	T:3478.0(52.55%),B:17803.7(46.82%),P:1e-17	Tpos:1049.6,Tstd:411.0,Bpos:1050.0,Bstd:552.8,StrandBias:0.0,Multiplicity:1.45
0.001	0.001	0.973	0.025
0.020	0.893	0.029	0.058
0.001	0.876	0.081	0.042
0.001	0.001	0.104	0.894
0.729	0.075	0.195	0.001
0.061	0.829	0.109	0.001
0.001	0.001	0.997	0.001
0.025	0.893	0.001	0.081
>TAGCGCTT	7-TAGCGCTT	6.439547	-39.470577	0	T:1936.0(29.25%),B:9221.7(24.25%),P:1e-17	Tpos:1019.3,Tstd:528.4,Bpos:1036.8,Bstd:650.5,StrandBias:0.1,Multiplicity:1.20
0.001	0.095	0.001	0.903
0.825	0.142	0.001	0.032
0.095	0.001	0.903	0.001
0.001	0.997	0.001	0.001
0.046	0.001	0.887	0.066
0.021	0.828	0.054	0.097
0.059	0.041	0.029	0.871
0.001	0.001	0.120	0.878
>GCCGTAAA	8-GCCGTAAA	5.273077	-37.912298	0	T:2601.0(39.30%),B:12910.3(33.95%),P:1e-16	Tpos:1030.9,Tstd:499.1,Bpos:1034.5,Bstd:627.4,StrandBias:-0.1,Multiplicity:1.30
0.001	0.024	0.900	0.075
0.052	0.857	0.051	0.040
0.001	0.932	0.001	0.066
0.001	0.001	0.927	0.071
0.001	0.075	0.078	0.846
0.876	0.059	0.037	0.028
0.944	0.027	0.028	0.001
0.823	0.072	0.052	0.053
>CATGGCGG	9-CATGGCGG	7.583019	-37.636134	0	T:2245.0(33.92%),B:10951.4(28.80%),P:1e-16	Tpos:1072.4,Tstd:398.5,Bpos:1072.4,Bstd:531.7,StrandBias:0.4,Multiplicity:1.19
0.001	0.707	0.222	0.070
0.997	0.001	0.001	0.001
0.144	0.001	0.001	0.854
0.001	0.001	0.939	0.059
0.001	0.001	0.915	0.083
0.001	0.997	0.001	0.001
0.001	0.001	0.997	0.001
0.001	0.001	0.928	0.070
>GCGACGAT	10-GCGACGAT	6.683493	-37.275278	0	T:1615.0(24.40%),B:7552.7(19.86%),P:1e-16	Tpos:1074.4,Tstd:452.3,Bpos:1058.9,Bstd:607.6,StrandBias:0.1,Multiplicity:1.15
0.021	0.001	0.944	0.034
0.021	0.977	0.001	0.001
0.001	0.036	0.861	0.102
0.920	0.001	0.060	0.019
0.078	0.920	0.001	0.001
0.036	0.001	0.851	0.112
0.910	0.001	0.033	0.056
0.001	0.178	0.208	0.613
>CCAATCGG	11-CCAATCGG	6.625813	-37.195308	0	T:2796.0(42.24%),B:14019.2(36.87%),P:1e-16	Tpos:985.7,Tstd:455.1,Bpos:986.2,Bstd:578.2,StrandBias:-0.0,Multiplicity:1.39
0.023	0.866	0.039	0.072
0.040	0.932	0.027	0.001
0.997	0.001	0.001	0.001
0.942	0.056	0.001	0.001
0.081	0.043	0.001	0.875
0.047	0.817	0.111	0.025
0.132	0.045	0.785	0.038
0.064	0.001	0.934	0.001
>ACGACTAS	12-ACGACTAS	2.877159	-34.355785	0	T:1771.0(26.76%),B:8460.1(22.25%),P:1e-14	Tpos:1018.6,Tstd:559.3,Bpos:1023.7,Bstd:668.2,StrandBias:-0.1,Multiplicity:1.18
0.997	0.001	0.001	0.001
0.364	0.634	0.001	0.001
0.001	0.001	0.997	0.001
0.604	0.394	0.001	0.001
0.001	0.997	0.001	0.001
0.001	0.001	0.001	0.997
0.997	0.001	0.001	0.001
0.001	0.564	0.434	0.001
>ACGTAAGG	13-ACGTAAGG	6.329903	-32.749789	0	T:2683.0(40.53%),B:13519.1(35.55%),P:1e-14	Tpos:1041.0,Tstd:556.1,Bpos:1046.7,Bstd:658.2,StrandBias:0.1,Multiplicity:1.29
0.947	0.029	0.023	0.001
0.048	0.840	0.043	0.069
0.001	0.099	0.864	0.036
0.051	0.027	0.042	0.880
0.881	0.001	0.065	0.053
0.947	0.001	0.033	0.019
0.099	0.047	0.819	0.035
0.039	0.067	0.853	0.041
>TCGCGATA	14-TCGCGATA	5.678949	-32.021965	0	T:1110.0(16.77%),B:5014.0(13.19%),P:1e-13	Tpos:1045.8,Tstd:403.2,Bpos:1021.7,Bstd:558.0,StrandBias:-0.1,Multiplicity:1.13
0.001	0.020	0.001	0.978
0.001	0.997	0.001	0.001
0.001	0.001	0.997	0.001
0.015	0.983	0.001	0.001
0.257	0.001	0.741	0.001
0.997	0.001	0.001	0.001
0.001	0.275	0.069	0.655
0.952	0.023	0.024	0.001
>TTCGTTTA	15-TTCGTTTA	6.903904	-31.690091	0	T:1966.0(29.70%),B:9589.1(25.22%),P:1e-13	Tpos:986.6,Tstd:623.4,Bpos:974.2,Bstd:737.0,StrandBias:0.3,Multiplicity:1.24
0.082	0.001	0.072	0.845
0.041	0.057	0.001	0.901
0.001	0.997	0.001	0.001
0.001	0.100	0.784	0.115
0.019	0.071	0.073	0.837
0.106	0.001	0.066	0.827
0.001	0.001	0.054	0.944
0.859	0.039	0.048	0.054
>TAGTBCCG	16-TAGTBCCG	7.786799	-29.971714	0	T:1511.0(22.83%),B:7178.6(18.88%),P:1e-13	Tpos:1049.1,Tstd:465.7,Bpos:1036.0,Bstd:614.1,StrandBias:-0.1,Multiplicity:1.10
0.391	0.001	0.001	0.607
0.876	0.122	0.001	0.001
0.015	0.001	0.961	0.023
0.001	0.001	0.001	0.997
0.062	0.351	0.234	0.353
0.006	0.547	0.367	0.080
0.001	0.997	0.001	0.001
0.001	0.001	0.872	0.126
>TACGGTTV	17-TACGGTTV	5.806634	-29.489890	0	T:2960.0(44.72%),B:15181.9(39.93%),P:1e-12	Tpos:1040.9,Tstd:554.9,Bpos:1050.0,Bstd:678.4,StrandBias:0.2,Multiplicity:1.35
0.061	0.001	0.108	0.830
0.773	0.061	0.109	0.057
0.271	0.564	0.162	0.003
0.001	0.212	0.767	0.020
0.061	0.080	0.857	0.002
0.001	0.007	0.083	0.909
0.001	0.052	0.003	0.944
0.315	0.330	0.354	0.001
>ACGCGTTT	18-ACGCGTTT	6.482454	-29.161371	0	T:2042.0(30.85%),B:10078.3(26.50%),P:1e-12	Tpos:1027.0,Tstd:545.8,Bpos:1031.5,Bstd:681.6,StrandBias:0.3,Multiplicity:1.20
0.964	0.001	0.034	0.001
0.043	0.828	0.072	0.057
0.042	0.087	0.870	0.001
0.001	0.834	0.103	0.062
0.062	0.096	0.757	0.085
0.025	0.001	0.026	0.948
0.001	0.046	0.001	0.952
0.001	0.048	0.032	0.919
>TCGAACGA	19-TCGAACGA	6.776121	-28.200161	0	T:943.0(14.25%),B:4232.4(11.13%),P:1e-12	Tpos:1058.2,Tstd:514.0,Bpos:1044.8,Bstd:657.9,StrandBias:-0.1,Multiplicity:1.07
0.049	0.096	0.001	0.854
0.001	0.834	0.079	0.086
0.078	0.088	0.787	0.047
0.834	0.001	0.033	0.132
0.919	0.035	0.045	0.001
0.001	0.997	0.001	0.001
0.001	0.001	0.948	0.050
0.865	0.070	0.023	0.042
>TGAGCGTA	20-TGAGCGTA	7.913826	-26.229736	0	T:931.0(14.07%),B:4214.0(11.08%),P:1e-11	Tpos:1059.7,Tstd:506.1,Bpos:1062.6,Bstd:632.4,StrandBias:0.2,Multiplicity:1.07
0.001	0.001	0.120	0.878
0.001	0.095	0.716	0.188
0.997	0.001	0.001	0.001
0.172	0.001	0.715	0.112
0.001	0.975	0.023	0.001
0.001	0.001	0.997	0.001
0.001	0.001	0.165	0.833
0.883	0.115	0.001	0.001
>CGGATTGA	21-CGGATTGA	7.121632	-24.704621	0	T:1496.0(22.60%),B:7242.6(19.05%),P:1e-10	Tpos:1045.4,Tstd:556.3,Bpos:1036.2,Bstd:664.2,StrandBias:0.3,Multiplicity:1.12
0.060	0.816	0.097	0.027
0.001	0.001	0.946	0.052
0.001	0.001	0.997	0.001
0.798	0.069	0.043	0.090
0.001	0.042	0.075	0.882
0.029	0.034	0.001	0.936
0.136	0.037	0.766	0.061
0.903	0.001	0.001	0.095
>GTCACGTG	22-GTCACGTG	7.466318	-22.996521	0	T:1370.0(20.70%),B:6614.3(17.39%),P:1e-9	Tpos:996.7,Tstd:458.4,Bpos:992.7,Bstd:561.5,StrandBias:0.1,Multiplicity:1.16
0.001	0.001	0.997	0.001
0.001	0.001	0.001	0.997
0.001	0.997	0.001	0.001
0.916	0.082	0.001	0.001
0.167	0.831	0.001	0.001
0.151	0.001	0.847	0.001
0.001	0.146	0.001	0.852
0.049	0.001	0.949	0.001
>TATCGAGT	23-TATCGAGT	7.343720	-21.722040	0	T:714.0(10.79%),B:3194.2(8.40%),P:1e-9	Tpos:1047.0,Tstd:584.1,Bpos:1044.6,Bstd:704.3,StrandBias:0.3,Multiplicity:1.06
0.042	0.068	0.058	0.832
0.808	0.190	0.001	0.001
0.001	0.001	0.001	0.997
0.001	0.768	0.185	0.046
0.031	0.072	0.896	0.001
0.933	0.019	0.027	0.021
0.001	0.001	0.997	0.001
0.001	0.141	0.069	0.789
>GTTTTCAA	24-GTTTTCAA	9.199236	-18.912404	0	T:807.0(12.19%),B:3741.3(9.84%),P:1e-8	Tpos:978.8,Tstd:648.2,Bpos:972.9,Bstd:754.0,StrandBias:-0.2,Multiplicity:1.10
0.001	0.001	0.997	0.001
0.001	0.001	0.001	0.997
0.222	0.001	0.001	0.776
0.001	0.001	0.001	0.997
0.198	0.001	0.001	0.800
0.001	0.997	0.001	0.001
0.997	0.001	0.001	0.001
0.997	0.001	0.001	0.001
>CACGGCCG	25-CACGGCCG	9.132495	-14.737607	0	T:921.0(13.91%),B:4460.8(11.73%),P:1e-6	Tpos:1095.4,Tstd:435.7,Bpos:1087.0,Bstd:590.1,StrandBias:-0.5,Multiplicity:1.09
0.201	0.797	0.001	0.001
0.997	0.001	0.001	0.001
0.001	0.997	0.001	0.001
0.001	0.001	0.997	0.001
0.218	0.001	0.780	0.001
0.001	0.914	0.001	0.084
0.001	0.997	0.001	0.001
0.001	0.001	0.997	0.001
Mis_redirected¢DtypeEvalueôIhttp_code¢DtypeEvalueÈQdownload_complete¢DtypeEvalueõ