¦Ifinal_url¡DtypeLhttp_headers¢DtypeEvalue†¢Ak¢DtypeEvalueNContent-LengthAv¢DtypeEvalueC492¢Ak¢DtypeEvalueMAccept-RangesAv¢DtypeEvalueEbytes¢Ak¢DtypeEvalueFServerAv¢DtypeEvalueX4Apache/2.4.6 (CentOS) OpenSSL/1.0.2k-fips SVN/1.7.14¢Ak¢DtypeEvalueMLast-ModifiedAv¢DtypeEvalueXFri, 09 Sep 2016 17:57:46 GMT¢Ak¢DtypeEvalueDETagAv¢DtypeEvalueS"1ec-53c16e2455031"¢Ak¢DtypeEvalueDDateAv¢DtypeEvalueXThu, 07 Feb 2019 14:01:22 GMTKraw_content¢DtypeEvalueYì>NGNTCTAGAACCNGV	ZBTB12(Zf)/HEK293-ZBTB12.GFP-ChIP-Seq(GSE58341)/Homer	7.365745	-13.153826	0	T:1895.0(7.17%),B:1648.0(6.46%),P:1e-5
0.307	0.184	0.298	0.210
0.252	0.139	0.518	0.091
0.308	0.223	0.201	0.269
0.052	0.201	0.078	0.669
0.010	0.938	0.026	0.026
0.042	0.129	0.036	0.793
0.793	0.013	0.181	0.013
0.016	0.003	0.978	0.003
0.867	0.052	0.045	0.036
0.699	0.068	0.123	0.110
0.032	0.894	0.032	0.042
0.191	0.563	0.065	0.181
0.259	0.301	0.178	0.262
0.172	0.181	0.437	0.210
0.333	0.240	0.301	0.126
Mis_redirected¢DtypeEvalueôIhttp_code¢DtypeEvalueÈQdownload_complete¢DtypeEvalueõ