¦Ifinal_url¡DtypeLhttp_headers¢DtypeEvalue†¢Ak¢DtypeEvalueNContent-LengthAv¢DtypeEvalueD8288¢Ak¢DtypeEvalueMAccept-RangesAv¢DtypeEvalueEbytes¢Ak¢DtypeEvalueFServerAv¢DtypeEvalueX4Apache/2.4.6 (CentOS) OpenSSL/1.0.2k-fips SVN/1.7.14¢Ak¢DtypeEvalueMLast-ModifiedAv¢DtypeEvalueXThu, 08 Sep 2016 06:17:17 GMT¢Ak¢DtypeEvalueDETagAv¢DtypeEvalueT"2060-53bf8fb507b48"¢Ak¢DtypeEvalueDDateAv¢DtypeEvalueXThu, 07 Feb 2019 14:23:00 GMTKraw_content¢DtypeEvalueY `>TGACGTC	1-TGACGTC	2.675921	-144.891608	0	T:2109.0(45.01%),B:13126.6(32.50%),P:1e-62	Tpos:966.1,Tstd:439.1,Bpos:1007.0,Bstd:598.2,StrandBias:0.1,Multiplicity:1.36
0.001	0.001	0.001	0.997
0.001	0.001	0.900	0.098
0.997	0.001	0.001	0.001
0.001	0.997	0.001	0.001
0.001	0.001	0.997	0.001
0.001	0.001	0.001	0.997
0.179	0.693	0.001	0.127
>CTTCCGK	2-CTTCCGK	6.366622	-125.293678	0	T:3344.0(71.36%),B:24164.7(59.82%),P:1e-54	Tpos:1045.2,Tstd:416.6,Bpos:1055.7,Bstd:537.7,StrandBias:0.1,Multiplicity:1.62
0.238	0.759	0.002	0.001
0.097	0.001	0.001	0.901
0.164	0.001	0.001	0.834
0.194	0.437	0.236	0.133
0.001	0.665	0.333	0.001
0.001	0.001	0.997	0.001
0.001	0.215	0.420	0.364
>CGGAAGT	3-CGGAAGT	7.712751	-119.041907	0	T:2145.0(45.77%),B:13883.1(34.37%),P:1e-51	Tpos:1006.6,Tstd:385.7,Bpos:1033.7,Bstd:515.6,StrandBias:0.1,Multiplicity:1.45
0.001	0.997	0.001	0.001
0.001	0.001	0.997	0.001
0.001	0.001	0.997	0.001
0.997	0.001	0.001	0.001
0.997	0.001	0.001	0.001
0.139	0.149	0.711	0.001
0.001	0.001	0.001	0.997
>CGTAACG	4-CGTAACG	5.743044	-89.682385	0	T:2497.0(53.29%),B:17439.1(43.17%),P:1e-38	Tpos:1039.6,Tstd:459.4,Bpos:1055.9,Bstd:585.5,StrandBias:0.0,Multiplicity:1.37
0.001	0.823	0.066	0.110
0.001	0.001	0.997	0.001
0.001	0.063	0.001	0.935
0.755	0.243	0.001	0.001
0.897	0.047	0.055	0.001
0.049	0.822	0.074	0.055
0.077	0.071	0.851	0.001
>TTACGCG	5-TTACGCG	5.436198	-75.976568	0	T:3048.0(65.04%),B:22582.8(55.91%),P:1e-32	Tpos:1046.5,Tstd:457.3,Bpos:1069.2,Bstd:581.7,StrandBias:0.2,Multiplicity:1.58
0.001	0.001	0.046	0.952
0.030	0.001	0.157	0.812
0.932	0.001	0.066	0.001
0.001	0.825	0.173	0.001
0.038	0.051	0.822	0.089
0.090	0.768	0.001	0.141
0.001	0.077	0.921	0.001
>CCGACAT	6-CCGACAT	3.688219	-75.797704	0	T:2973.0(63.44%),B:21919.5(54.27%),P:1e-32	Tpos:1066.1,Tstd:429.8,Bpos:1075.4,Bstd:554.9,StrandBias:-0.2,Multiplicity:1.59
0.001	0.997	0.001	0.001
0.001	0.997	0.001	0.001
0.001	0.001	0.997	0.001
0.982	0.016	0.001	0.001
0.001	0.997	0.001	0.001
0.841	0.001	0.001	0.157
0.015	0.001	0.001	0.983
>GCGTTRT	7-GCGTTRT	5.787426	-73.256510	0	T:2625.0(56.02%),B:18941.5(46.89%),P:1e-31	Tpos:1028.3,Tstd:505.0,Bpos:1046.1,Bstd:645.5,StrandBias:0.2,Multiplicity:1.43
0.141	0.001	0.803	0.055
0.001	0.997	0.001	0.001
0.001	0.001	0.997	0.001
0.001	0.122	0.001	0.876
0.306	0.155	0.001	0.538
0.368	0.207	0.226	0.200
0.117	0.063	0.001	0.819
>ATTGGCG	8-ATTGGCG	6.252188	-66.944133	0	T:3035.0(64.77%),B:22706.9(56.22%),P:1e-29	Tpos:1033.3,Tstd:464.5,Bpos:1064.6,Bstd:587.5,StrandBias:-0.0,Multiplicity:1.39
0.965	0.001	0.001	0.033
0.160	0.159	0.261	0.420
0.004	0.004	0.001	0.991
0.014	0.019	0.966	0.001
0.219	0.092	0.599	0.090
0.001	0.997	0.001	0.001
0.001	0.005	0.988	0.006
>TACGACG	9-TACGACG	4.729301	-66.616416	0	T:3014.0(64.32%),B:22528.9(55.77%),P:1e-28	Tpos:1074.6,Tstd:463.3,Bpos:1069.1,Bstd:593.1,StrandBias:0.1,Multiplicity:1.68
0.099	0.001	0.135	0.765
0.916	0.001	0.001	0.082
0.001	0.913	0.063	0.023
0.001	0.054	0.889	0.056
0.773	0.077	0.087	0.063
0.059	0.850	0.090	0.001
0.027	0.001	0.931	0.041
>YGATTGG	10-YGATTGG	6.373318	-61.299816	0	T:2559.0(54.61%),B:18699.2(46.29%),P:1e-26	Tpos:969.6,Tstd:497.9,Bpos:975.3,Bstd:600.9,StrandBias:-0.0,Multiplicity:1.34
0.001	0.552	0.001	0.446
0.069	0.228	0.509	0.194
0.788	0.001	0.134	0.077
0.071	0.001	0.083	0.845
0.030	0.118	0.001	0.851
0.093	0.103	0.803	0.001
0.120	0.106	0.773	0.001
>TCGCGAG	11-TCGCGAG	2.546718	-57.271420	0	T:4225.0(90.16%),B:34223.8(84.73%),P:1e-24	Tpos:1079.1,Tstd:441.2,Bpos:1069.1,Bstd:561.5,StrandBias:0.1,Multiplicity:2.73
0.001	0.001	0.001	0.997
0.001	0.997	0.001	0.001
0.001	0.001	0.997	0.001
0.109	0.889	0.001	0.001
0.001	0.001	0.997	0.001
0.997	0.001	0.001	0.001
0.001	0.100	0.887	0.012
>ATTGGYB	12-ATTGGYB	6.853109	-54.707808	0	T:2468.0(52.67%),B:18112.5(44.84%),P:1e-23	Tpos:962.2,Tstd:439.3,Bpos:969.5,Bstd:548.1,StrandBias:0.1,Multiplicity:1.72
0.774	0.001	0.088	0.137
0.001	0.081	0.001	0.917
0.058	0.053	0.001	0.888
0.170	0.147	0.682	0.001
0.057	0.001	0.899	0.043
0.001	0.562	0.001	0.436
0.001	0.343	0.368	0.288
>CGACGAT	13-CGACGAT	5.953100	-54.686096	0	T:2225.0(47.48%),B:16050.2(39.74%),P:1e-23	Tpos:1063.1,Tstd:507.1,Bpos:1060.8,Bstd:613.9,StrandBias:-0.2,Multiplicity:1.30
0.056	0.800	0.046	0.098
0.102	0.001	0.865	0.032
0.911	0.065	0.001	0.023
0.067	0.859	0.001	0.073
0.041	0.078	0.779	0.102
0.868	0.072	0.059	0.001
0.001	0.001	0.054	0.944
>WCSGAWT	14-WCSGAWT	6.755984	-52.715690	0	T:2211.0(47.18%),B:15991.9(39.59%),P:1e-22	Tpos:1034.9,Tstd:552.3,Bpos:1055.0,Bstd:668.7,StrandBias:-0.1,Multiplicity:1.32
0.562	0.001	0.001	0.436
0.088	0.910	0.001	0.001
0.001	0.525	0.473	0.001
0.001	0.001	0.997	0.001
0.997	0.001	0.001	0.001
0.475	0.001	0.001	0.523
0.417	0.001	0.001	0.581
>CTGTAGT	15-CTGTAGT	2.610493	-45.671338	0	T:2919.0(62.29%),B:22319.1(55.26%),P:1e-19	Tpos:1011.4,Tstd:563.1,Bpos:1000.6,Bstd:662.5,StrandBias:0.1,Multiplicity:1.61
0.001	0.843	0.137	0.019
0.001	0.016	0.140	0.843
0.001	0.001	0.997	0.001
0.001	0.001	0.001	0.997
0.997	0.001	0.001	0.001
0.001	0.001	0.997	0.001
0.001	0.001	0.001	0.997
>CGAACGT	16-CGAACGT	5.396817	-45.089939	0	T:2730.0(58.26%),B:20682.9(51.20%),P:1e-19	Tpos:1075.3,Tstd:505.8,Bpos:1067.1,Bstd:629.0,StrandBias:-0.1,Multiplicity:1.54
0.181	0.817	0.001	0.001
0.101	0.001	0.897	0.001
0.927	0.001	0.071	0.001
0.997	0.001	0.001	0.001
0.131	0.787	0.081	0.001
0.089	0.001	0.809	0.101
0.048	0.001	0.141	0.810
>GGGCGGG	17-GGGCGGG	7.207335	-44.541338	0	T:3610.0(77.04%),B:28599.3(70.80%),P:1e-19	Tpos:1041.3,Tstd:397.9,Bpos:1043.8,Bstd:508.6,StrandBias:0.3,Multiplicity:2.50
0.100	0.100	0.700	0.100
0.100	0.100	0.700	0.100
0.100	0.100	0.700	0.100
0.100	0.700	0.100	0.100
0.100	0.100	0.700	0.100
0.100	0.100	0.700	0.100
0.100	0.100	0.700	0.100
>TATCGCG	18-TATCGCG	5.822504	-43.454086	0	T:2004.0(42.77%),B:14547.9(36.02%),P:1e-18	Tpos:1025.4,Tstd:469.2,Bpos:1045.0,Bstd:594.0,StrandBias:0.1,Multiplicity:1.36
0.178	0.001	0.001	0.820
0.935	0.001	0.001	0.063
0.001	0.082	0.095	0.822
0.061	0.856	0.043	0.040
0.041	0.155	0.741	0.063
0.063	0.935	0.001	0.001
0.001	0.001	0.997	0.001
>ATCGATT	19-ATCGATT	2.262396	-42.460384	0	T:2693.0(57.47%),B:20450.3(50.63%),P:1e-18	Tpos:1052.1,Tstd:536.7,Bpos:1057.4,Bstd:660.8,StrandBias:0.1,Multiplicity:1.36
0.997	0.001	0.001	0.001
0.001	0.001	0.244	0.754
0.001	0.997	0.001	0.001
0.001	0.001	0.997	0.001
0.787	0.001	0.001	0.211
0.001	0.241	0.001	0.757
0.001	0.001	0.001	0.997
>CATTCGT	20-CATTCGT	2.316820	-39.118113	0	T:3071.0(65.54%),B:23892.7(59.15%),P:1e-16	Tpos:1047.0,Tstd:527.5,Bpos:1036.9,Bstd:635.8,StrandBias:0.1,Multiplicity:1.43
0.001	0.997	0.001	0.001
0.766	0.001	0.001	0.232
0.176	0.001	0.005	0.818
0.001	0.001	0.047	0.951
0.001	0.997	0.001	0.001
0.001	0.001	0.997	0.001
0.001	0.001	0.001	0.997
>TACGGTT	21-TACGGTT	5.262348	-38.946556	0	T:2903.0(61.95%),B:22412.9(55.49%),P:1e-16	Tpos:1026.6,Tstd:562.9,Bpos:1025.0,Bstd:674.5,StrandBias:0.2,Multiplicity:1.52
0.001	0.001	0.079	0.919
0.849	0.089	0.061	0.001
0.125	0.816	0.058	0.001
0.001	0.058	0.940	0.001
0.057	0.143	0.754	0.046
0.142	0.056	0.054	0.748
0.001	0.001	0.029	0.969
>GGGCGGA	22-GGGCGGA	5.261425	-38.439215	0	T:4658.0(99.40%),B:39504.8(97.80%),P:1e-16	Tpos:1081.6,Tstd:462.4,Bpos:1073.8,Bstd:560.8,StrandBias:0.2,Multiplicity:7.56
0.100	0.100	0.700	0.100
0.100	0.100	0.700	0.100
0.100	0.100	0.700	0.100
0.100	0.700	0.100	0.100
0.100	0.100	0.700	0.100
0.100	0.100	0.700	0.100
0.700	0.100	0.100	0.100
>GTCGAAG	23-GTCGAAG	4.477448	-32.638389	0	T:2421.0(51.66%),B:18466.7(45.72%),P:1e-14	Tpos:1078.7,Tstd:481.6,Bpos:1074.1,Bstd:605.4,StrandBias:-0.2,Multiplicity:1.40
0.287	0.001	0.711	0.001
0.288	0.019	0.001	0.692
0.001	0.997	0.001	0.001
0.001	0.001	0.997	0.001
0.997	0.001	0.001	0.001
0.997	0.001	0.001	0.001
0.001	0.001	0.997	0.001
>AACGTTA	24-AACGTTA	7.066853	-22.276073	0	T:838.0(17.88%),B:5806.6(14.38%),P:1e-9	Tpos:994.2,Tstd:599.1,Bpos:992.0,Bstd:735.7,StrandBias:0.0,Multiplicity:1.07
0.997	0.001	0.001	0.001
0.997	0.001	0.001	0.001
0.001	0.997	0.001	0.001
0.001	0.001	0.997	0.001
0.001	0.127	0.001	0.871
0.001	0.001	0.001	0.997
0.572	0.193	0.234	0.001
>CTTATCG	25-CTTATCG	6.062389	-20.961157	0	T:963.0(20.55%),B:6844.4(16.94%),P:1e-9	Tpos:1043.4,Tstd:523.8,Bpos:1041.9,Bstd:650.5,StrandBias:0.0,Multiplicity:1.11
0.046	0.948	0.001	0.005
0.207	0.001	0.001	0.791
0.001	0.001	0.001	0.997
0.997	0.001	0.001	0.001
0.001	0.001	0.269	0.729
0.001	0.997	0.001	0.001
0.001	0.001	0.997	0.001
Mis_redirected¢DtypeEvalueôIhttp_code¢DtypeEvalueÈQdownload_complete¢DtypeEvalueõ