¦Ifinal_url¡DtypeLhttp_headers¢DtypeEvalue†¢Ak¢DtypeEvalueNContent-LengthAv¢DtypeEvalueD8902¢Ak¢DtypeEvalueMAccept-RangesAv¢DtypeEvalueEbytes¢Ak¢DtypeEvalueFServerAv¢DtypeEvalueX4Apache/2.4.6 (CentOS) OpenSSL/1.0.2k-fips SVN/1.7.14¢Ak¢DtypeEvalueMLast-ModifiedAv¢DtypeEvalueXFri, 09 Sep 2016 17:57:45 GMT¢Ak¢DtypeEvalueDETagAv¢DtypeEvalueT"22c6-53c16e22cf9c6"¢Ak¢DtypeEvalueDDateAv¢DtypeEvalueXThu, 07 Feb 2019 14:33:12 GMTKraw_content¢DtypeEvalueY"Æ>ATTTCCGS	1-ATTTCCGS	4.483671	-532.930609	0	T:10035.0(37.99%),B:7316.5(28.69%),P:1e-231	Tpos:200.1,Tstd:111.7,Bpos:197.7,Bstd:131.3,StrandBias:-0.0,Multiplicity:1.54
0.411	0.128	0.228	0.233
0.192	0.218	0.199	0.391
0.204	0.028	0.080	0.688
0.233	0.098	0.046	0.623
0.120	0.556	0.085	0.239
0.010	0.757	0.177	0.056
0.020	0.170	0.809	0.001
0.200	0.263	0.351	0.185
>VCCGNTTW	2-VCCGNTTW	3.258381	-347.258757	0	T:16518.0(62.53%),B:13914.9(54.56%),P:1e-150	Tpos:200.9,Tstd:113.0,Bpos:200.2,Bstd:133.3,StrandBias:-0.0,Multiplicity:1.65
0.270	0.222	0.344	0.164
0.212	0.480	0.218	0.090
0.076	0.614	0.309	0.001
0.059	0.142	0.703	0.096
0.236	0.223	0.263	0.277
0.250	0.137	0.100	0.513
0.294	0.063	0.099	0.544
0.352	0.131	0.136	0.381
>CCGATTGG	3-CCGATTGG	5.171576	-332.814225	0	T:7868.0(29.78%),B:5851.3(22.94%),P:1e-144	Tpos:199.1,Tstd:119.4,Bpos:193.3,Bstd:123.9,StrandBias:0.0,Multiplicity:1.29
0.117	0.567	0.201	0.115
0.047	0.662	0.117	0.174
0.040	0.096	0.786	0.078
0.748	0.023	0.108	0.121
0.086	0.064	0.008	0.842
0.088	0.014	0.016	0.882
0.048	0.124	0.762	0.066
0.113	0.078	0.753	0.056
>CGCATDAK	4-CGCATDAK	4.792971	-325.869150	0	T:8992.0(34.04%),B:6871.7(26.94%),P:1e-141	Tpos:197.6,Tstd:114.3,Bpos:194.9,Bstd:132.6,StrandBias:-0.1,Multiplicity:1.31
0.001	0.967	0.031	0.001
0.028	0.001	0.970	0.001
0.128	0.549	0.188	0.135
0.527	0.169	0.237	0.067
0.329	0.143	0.032	0.497
0.408	0.001	0.280	0.312
0.511	0.314	0.001	0.174
0.047	0.140	0.356	0.457
>ACGTAACG	5-ACGTAACG	4.272761	-301.168387	0	T:11205.0(42.41%),B:8966.6(35.16%),P:1e-130	Tpos:198.4,Tstd:114.8,Bpos:198.1,Bstd:131.0,StrandBias:-0.0,Multiplicity:1.44
0.691	0.086	0.126	0.097
0.089	0.773	0.062	0.076
0.071	0.060	0.786	0.083
0.093	0.100	0.049	0.758
0.704	0.096	0.115	0.085
0.802	0.050	0.091	0.057
0.059	0.766	0.100	0.075
0.086	0.123	0.719	0.072
>CGCBCTTT	6-CGCBCTTT	4.614505	-273.042190	0	T:12637.0(47.83%),B:10398.1(40.77%),P:1e-118	Tpos:199.3,Tstd:112.8,Bpos:194.8,Bstd:135.5,StrandBias:-0.0,Multiplicity:1.41
0.001	0.997	0.001	0.001
0.001	0.001	0.997	0.001
0.291	0.501	0.168	0.040
0.001	0.301	0.329	0.369
0.211	0.535	0.001	0.253
0.001	0.116	0.001	0.882
0.001	0.137	0.001	0.861
0.081	0.001	0.001	0.917
>CGTACGAA	7-CGTACGAA	3.878397	-225.130301	0	T:15429.0(58.40%),B:13251.8(51.96%),P:1e-97	Tpos:200.3,Tstd:112.1,Bpos:200.4,Bstd:134.1,StrandBias:-0.0,Multiplicity:1.53
0.001	0.997	0.001	0.001
0.001	0.032	0.893	0.074
0.282	0.017	0.093	0.608
0.609	0.086	0.116	0.189
0.001	0.685	0.313	0.001
0.060	0.274	0.595	0.071
0.610	0.125	0.101	0.164
0.997	0.001	0.001	0.001
>KCGCYATA	8-KCGCYATA	1.557728	-223.767620	0	T:4594.0(17.39%),B:3283.6(12.87%),P:1e-97	Tpos:202.6,Tstd:114.1,Bpos:207.5,Bstd:134.6,StrandBias:-0.1,Multiplicity:1.07
0.119	0.001	0.499	0.380
0.001	0.997	0.001	0.001
0.001	0.001	0.997	0.001
0.001	0.656	0.001	0.342
0.224	0.390	0.104	0.282
0.473	0.274	0.001	0.252
0.001	0.001	0.001	0.997
0.997	0.001	0.001	0.001
>ACGGTTCG	9-ACGGTTCG	5.059449	-219.093177	0	T:10615.0(40.18%),B:8685.7(34.06%),P:1e-95	Tpos:201.6,Tstd:114.1,Bpos:199.7,Bstd:125.6,StrandBias:0.0,Multiplicity:1.17
0.862	0.136	0.001	0.001
0.002	0.865	0.132	0.001
0.339	0.002	0.658	0.001
0.072	0.268	0.659	0.001
0.002	0.001	0.001	0.996
0.361	0.001	0.001	0.637
0.001	0.803	0.195	0.001
0.093	0.300	0.606	0.001
>TTTTSSCG	10-TTTTSSCG	4.986445	-200.907303	0	T:9760.0(36.94%),B:7957.6(31.20%),P:1e-87	Tpos:198.6,Tstd:113.2,Bpos:197.9,Bstd:127.6,StrandBias:-0.0,Multiplicity:1.19
0.001	0.216	0.167	0.616
0.085	0.083	0.096	0.736
0.178	0.001	0.137	0.684
0.074	0.108	0.170	0.648
0.189	0.402	0.409	0.001
0.095	0.470	0.346	0.089
0.179	0.819	0.001	0.001
0.069	0.199	0.592	0.140
>ACTWACTG	11-ACTWACTG	4.196824	-198.773536	0	T:19405.0(73.45%),B:17311.5(67.88%),P:1e-86	Tpos:199.1,Tstd:113.0,Bpos:200.3,Bstd:123.9,StrandBias:-0.0,Multiplicity:1.49
0.820	0.002	0.177	0.001
0.001	0.579	0.362	0.058
0.127	0.001	0.001	0.871
0.489	0.001	0.001	0.509
0.698	0.272	0.001	0.029
0.001	0.895	0.077	0.027
0.068	0.220	0.143	0.569
0.075	0.223	0.627	0.075
>CCGAAAGG	12-CCGAAAGG	4.553938	-196.370002	0	T:16948.0(64.15%),B:14855.3(58.25%),P:1e-85	Tpos:200.8,Tstd:113.6,Bpos:199.4,Bstd:124.6,StrandBias:-0.0,Multiplicity:1.33
0.082	0.801	0.053	0.064
0.056	0.693	0.073	0.178
0.124	0.090	0.682	0.104
0.841	0.067	0.024	0.068
0.708	0.043	0.124	0.125
0.719	0.097	0.060	0.124
0.126	0.052	0.744	0.078
0.035	0.058	0.816	0.091
>TTAGTCGC	13-TTAGTCGC	4.843926	-178.101689	0	T:7009.0(26.53%),B:5529.2(21.68%),P:1e-77	Tpos:201.2,Tstd:111.7,Bpos:198.6,Bstd:132.1,StrandBias:-0.0,Multiplicity:1.14
0.042	0.147	0.111	0.700
0.113	0.141	0.069	0.677
0.760	0.106	0.063	0.071
0.104	0.110	0.685	0.101
0.078	0.027	0.064	0.831
0.053	0.808	0.061	0.078
0.084	0.086	0.789	0.041
0.103	0.752	0.085	0.060
>TGAGTCAT	14-TGAGTCAT	7.797777	-170.390018	0	T:1591.0(6.02%),B:947.1(3.71%),P:1e-73	Tpos:201.0,Tstd:114.7,Bpos:204.8,Bstd:116.2,StrandBias:-0.0,Multiplicity:1.06
0.052	0.103	0.077	0.768
0.061	0.048	0.792	0.099
0.774	0.166	0.029	0.031
0.030	0.283	0.660	0.027
0.009	0.039	0.067	0.885
0.080	0.852	0.049	0.019
0.801	0.027	0.152	0.020
0.064	0.268	0.198	0.470
>AGCGGACT	15-AGCGGACT	4.545162	-160.864045	0	T:15155.0(57.37%),B:13244.5(51.93%),P:1e-69	Tpos:201.2,Tstd:112.7,Bpos:198.9,Bstd:126.1,StrandBias:0.0,Multiplicity:1.38
0.730	0.084	0.105	0.081
0.090	0.070	0.753	0.087
0.144	0.720	0.059	0.077
0.087	0.118	0.740	0.055
0.094	0.069	0.774	0.063
0.801	0.055	0.058	0.086
0.085	0.703	0.137	0.075
0.108	0.055	0.058	0.779
>CGGCAGTT	16-CGGCAGTT	4.540639	-159.901737	0	T:11812.0(44.71%),B:10040.0(39.37%),P:1e-69	Tpos:200.4,Tstd:111.3,Bpos:201.1,Bstd:123.9,StrandBias:0.0,Multiplicity:1.29
0.020	0.895	0.043	0.042
0.114	0.116	0.710	0.060
0.001	0.015	0.788	0.196
0.001	0.984	0.001	0.014
0.920	0.001	0.001	0.078
0.017	0.001	0.981	0.001
0.032	0.001	0.001	0.966
0.080	0.048	0.035	0.837
>TGGKCGGT	17-TGGKCGGT	5.148000	-144.039757	0	T:12107.0(45.83%),B:10389.9(40.74%),P:1e-62	Tpos:200.7,Tstd:116.1,Bpos:196.2,Bstd:127.2,StrandBias:0.0,Multiplicity:1.25
0.421	0.001	0.001	0.577
0.109	0.213	0.677	0.001
0.226	0.115	0.632	0.027
0.040	0.001	0.494	0.465
0.001	0.947	0.001	0.051
0.001	0.240	0.620	0.139
0.107	0.006	0.635	0.252
0.045	0.001	0.083	0.871
>KAAAGSCT	18-KAAAGSCT	5.639922	-140.163013	0	T:13378.0(50.64%),B:11621.9(45.57%),P:1e-60	Tpos:201.1,Tstd:114.1,Bpos:200.5,Bstd:121.4,StrandBias:-0.0,Multiplicity:1.34
0.188	0.001	0.345	0.466
0.902	0.001	0.096	0.001
0.997	0.001	0.001	0.001
0.724	0.003	0.272	0.001
0.004	0.001	0.676	0.319
0.001	0.424	0.574	0.001
0.111	0.790	0.001	0.098
0.001	0.410	0.003	0.586
>GNTTCTGG	19-GNTTCTGG	5.037753	-137.716468	0	T:10565.0(39.99%),B:8961.7(35.14%),P:1e-59	Tpos:200.1,Tstd:112.9,Bpos:201.7,Bstd:118.1,StrandBias:0.0,Multiplicity:1.27
0.198	0.028	0.631	0.143
0.247	0.230	0.190	0.334
0.077	0.251	0.145	0.527
0.147	0.197	0.036	0.620
0.064	0.629	0.306	0.001
0.212	0.038	0.198	0.552
0.086	0.056	0.779	0.079
0.284	0.086	0.476	0.153
>ACGCGTCA	20-ACGCGTCA	5.925475	-114.777205	0	T:2423.0(9.17%),B:1722.2(6.75%),P:1e-49	Tpos:196.3,Tstd:113.9,Bpos:203.2,Bstd:132.9,StrandBias:0.0,Multiplicity:1.05
0.699	0.083	0.053	0.165
0.080	0.638	0.178	0.104
0.072	0.021	0.787	0.120
0.092	0.798	0.063	0.047
0.074	0.068	0.756	0.102
0.095	0.035	0.078	0.792
0.116	0.683	0.128	0.073
0.847	0.045	0.054	0.054
>GACTGCTA	21-GACTGCTA	5.098970	-108.966891	0	T:8859.0(33.53%),B:7501.1(29.41%),P:1e-47	Tpos:202.0,Tstd:112.0,Bpos:204.0,Bstd:123.9,StrandBias:0.0,Multiplicity:1.14
0.038	0.053	0.844	0.065
0.664	0.075	0.182	0.079
0.140	0.767	0.056	0.037
0.066	0.093	0.102	0.739
0.061	0.096	0.740	0.103
0.094	0.702	0.106	0.098
0.075	0.056	0.150	0.719
0.827	0.048	0.070	0.055
>AAGCCACG	22-AAGCCACG	7.006430	-103.051076	0	T:3734.0(14.13%),B:2880.3(11.29%),P:1e-44	Tpos:197.6,Tstd:113.0,Bpos:206.2,Bstd:122.1,StrandBias:0.0,Multiplicity:1.08
0.905	0.039	0.055	0.001
0.843	0.001	0.081	0.075
0.015	0.021	0.942	0.022
0.048	0.932	0.019	0.001
0.001	0.935	0.001	0.063
0.767	0.026	0.001	0.206
0.001	0.899	0.099	0.001
0.075	0.001	0.905	0.019
>CGACCAAT	23-CGACCAAT	8.236954	-15.752016	0	T:134.0(0.51%),B:80.7(0.32%),P:1e-6	Tpos:215.4,Tstd:140.5,Bpos:86.9,Bstd:44.7,StrandBias:0.9,Multiplicity:1.05
0.100	0.700	0.100	0.100
0.100	0.100	0.700	0.100
0.700	0.100	0.100	0.100
0.100	0.700	0.100	0.100
0.100	0.700	0.100	0.100
0.700	0.100	0.100	0.100
0.700	0.100	0.100	0.100
0.100	0.100	0.100	0.700
>TACGTCGG	24-TACGTCGG	8.236954	-8.642866	0	T:45.0(0.17%),B:24.6(0.10%),P:1e-3	Tpos:149.4,Tstd:116.2,Bpos:253.6,Bstd:36.9,StrandBias:-1.4,Multiplicity:1.00
0.100	0.100	0.100	0.700
0.700	0.100	0.100	0.100
0.100	0.700	0.100	0.100
0.100	0.100	0.700	0.100
0.100	0.100	0.100	0.700
0.100	0.700	0.100	0.100
0.100	0.100	0.700	0.100
0.100	0.100	0.700	0.100
>CAGTTCGC	25-CAGTTCGC	8.236954	-7.650118	0	T:156.0(0.59%),B:114.9(0.45%),P:1e-3	Tpos:207.1,Tstd:113.6,Bpos:346.9,Bstd:36.5,StrandBias:-0.4,Multiplicity:1.00
0.100	0.700	0.100	0.100
0.700	0.100	0.100	0.100
0.100	0.100	0.700	0.100
0.100	0.100	0.100	0.700
0.100	0.100	0.100	0.700
0.100	0.700	0.100	0.100
0.100	0.100	0.700	0.100
0.100	0.700	0.100	0.100
Mis_redirected¢DtypeEvalueôIhttp_code¢DtypeEvalueÈQdownload_complete¢DtypeEvalueõ