¦Ifinal_url¡DtypeLhttp_headers¢DtypeEvalue†¢Ak¢DtypeEvalueNContent-LengthAv¢DtypeEvalueC408¢Ak¢DtypeEvalueMAccept-RangesAv¢DtypeEvalueEbytes¢Ak¢DtypeEvalueFServerAv¢DtypeEvalueX4Apache/2.4.6 (CentOS) OpenSSL/1.0.2k-fips SVN/1.7.14¢Ak¢DtypeEvalueMLast-ModifiedAv¢DtypeEvalueXThu, 08 Sep 2016 06:16:19 GMT¢Ak¢DtypeEvalueDETagAv¢DtypeEvalueS"198-53bf8f7d149df"¢Ak¢DtypeEvalueDDateAv¢DtypeEvalueXThu, 07 Feb 2019 14:53:31 GMTKraw_content¢DtypeEvalueY˜>ACTTTCACTTTC	PRDM1(Zf)/Hela-PRDM1-ChIP-Seq(GSE31477)/Homer	7.912770	-5.552066	0	T:1505.0(9.17%),B:2668.8(8.58%),P:1e-2
0.700	0.111	0.133	0.056
0.109	0.787	0.053	0.051
0.072	0.026	0.003	0.899
0.007	0.082	0.031	0.880
0.014	0.002	0.014	0.970
0.008	0.941	0.002	0.049
0.535	0.151	0.064	0.250
0.035	0.873	0.027	0.065
0.022	0.152	0.001	0.825
0.112	0.126	0.184	0.578
0.208	0.160	0.135	0.496
0.145	0.435	0.163	0.257
Mis_redirected¢DtypeEvalueôIhttp_code¢DtypeEvalueÈQdownload_complete¢DtypeEvalueõ