¦Ifinal_url¡DtypeLhttp_headers¢DtypeEvalue†¢Ak¢DtypeEvalueNContent-LengthAv¢DtypeEvalueD7642¢Ak¢DtypeEvalueMAccept-RangesAv¢DtypeEvalueEbytes¢Ak¢DtypeEvalueFServerAv¢DtypeEvalueX4Apache/2.4.6 (CentOS) OpenSSL/1.0.2k-fips SVN/1.7.14¢Ak¢DtypeEvalueMLast-ModifiedAv¢DtypeEvalueXFri, 09 Sep 2016 17:57:45 GMT¢Ak¢DtypeEvalueDETagAv¢DtypeEvalueT"1dda-53c16e22d8a4e"¢Ak¢DtypeEvalueDDateAv¢DtypeEvalueXThu, 07 Feb 2019 14:16:17 GMTKraw_content¢DtypeEvalueYÚ>TTCCGG	1-TTCCGG	5.184829	-563.942718	0	T:10307.0(39.02%),B:7494.2(29.38%),P:1e-244	Tpos:199.4,Tstd:112.4,Bpos:197.4,Bstd:130.6,StrandBias:-0.0,Multiplicity:1.58
0.072	0.001	0.001	0.926
0.001	0.001	0.001	0.997
0.001	0.927	0.001	0.071
0.001	0.997	0.001	0.001
0.001	0.001	0.997	0.001
0.001	0.237	0.659	0.103
>CGGAAB	2-CGGAAB	3.386245	-415.020749	0	T:18349.0(69.46%),B:15555.6(60.99%),P:1e-180	Tpos:200.0,Tstd:112.6,Bpos:200.3,Bstd:133.0,StrandBias:0.0,Multiplicity:1.40
0.072	0.697	0.186	0.045
0.154	0.319	0.471	0.056
0.135	0.001	0.528	0.336
0.640	0.067	0.001	0.292
0.531	0.088	0.162	0.219
0.138	0.295	0.297	0.270
>CGTTAN	3-CGTTAN	3.940877	-381.695685	0	T:16098.0(60.94%),B:13399.9(52.54%),P:1e-165	Tpos:199.4,Tstd:114.0,Bpos:199.7,Bstd:133.9,StrandBias:0.0,Multiplicity:1.83
0.078	0.920	0.001	0.001
0.001	0.001	0.963	0.035
0.064	0.195	0.075	0.666
0.297	0.220	0.001	0.482
0.730	0.022	0.049	0.199
0.220	0.237	0.321	0.222
>TAACCG	4-TAACCG	4.190656	-319.892499	0	T:15672.0(59.32%),B:13166.7(51.63%),P:1e-138	Tpos:199.8,Tstd:113.3,Bpos:200.5,Bstd:132.7,StrandBias:0.0,Multiplicity:1.52
0.218	0.110	0.072	0.600
0.920	0.001	0.048	0.031
0.905	0.045	0.001	0.049
0.074	0.784	0.101	0.041
0.059	0.939	0.001	0.001
0.001	0.061	0.937	0.001
>TTCYSG	5-TTCYSG	6.281186	-272.394962	0	T:14851.0(56.22%),B:12521.1(49.09%),P:1e-118	Tpos:199.9,Tstd:113.4,Bpos:201.2,Bstd:128.5,StrandBias:0.0,Multiplicity:1.35
0.001	0.001	0.001	0.997
0.001	0.001	0.001	0.997
0.004	0.742	0.013	0.241
0.001	0.511	0.007	0.481
0.001	0.505	0.493	0.001
0.252	0.001	0.746	0.001
>TWACGT	6-TWACGT	1.588761	-270.361519	0	T:13167.0(49.84%),B:10910.3(42.78%),P:1e-117	Tpos:199.8,Tstd:114.4,Bpos:202.4,Bstd:132.5,StrandBias:-0.0,Multiplicity:1.24
0.023	0.409	0.001	0.567
0.562	0.005	0.001	0.432
0.997	0.001	0.001	0.001
0.001	0.997	0.001	0.001
0.001	0.001	0.997	0.001
0.001	0.408	0.001	0.590
>CGCATG	7-CGCATG	1.771489	-254.635117	0	T:12318.0(46.63%),B:10158.3(39.83%),P:1e-110	Tpos:199.5,Tstd:114.4,Bpos:198.5,Bstd:133.4,StrandBias:-0.0,Multiplicity:1.44
0.001	0.997	0.001	0.001
0.001	0.001	0.997	0.001
0.092	0.906	0.001	0.001
0.997	0.001	0.001	0.001
0.128	0.001	0.001	0.870
0.127	0.001	0.749	0.123
>CGAATY	8-CGAATY	5.403849	-222.433584	0	T:5655.0(21.41%),B:4198.4(16.46%),P:1e-96	Tpos:198.8,Tstd:120.7,Bpos:194.0,Bstd:125.6,StrandBias:0.0,Multiplicity:1.20
0.001	0.997	0.001	0.001
0.001	0.275	0.532	0.192
0.685	0.001	0.272	0.042
0.673	0.134	0.192	0.001
0.001	0.111	0.001	0.887
0.085	0.484	0.086	0.345
>WTTCGC	9-WTTCGC	5.027696	-218.591340	0	T:15913.0(60.24%),B:13749.7(53.91%),P:1e-94	Tpos:199.9,Tstd:116.8,Bpos:198.7,Bstd:125.2,StrandBias:0.0,Multiplicity:1.30
0.336	0.001	0.240	0.423
0.001	0.108	0.001	0.890
0.001	0.001	0.004	0.994
0.001	0.541	0.333	0.125
0.001	0.293	0.705	0.001
0.007	0.628	0.187	0.178
>CCCTTT	10-CCCTTT	3.547285	-214.967442	0	T:16937.0(64.11%),B:14772.9(57.92%),P:1e-93	Tpos:200.2,Tstd:114.9,Bpos:199.3,Bstd:125.2,StrandBias:0.0,Multiplicity:1.51
0.001	0.962	0.036	0.001
0.001	0.997	0.001	0.001
0.001	0.948	0.037	0.014
0.001	0.001	0.349	0.649
0.001	0.001	0.001	0.997
0.385	0.001	0.001	0.613
>CCGTAC	11-CCGTAC	4.007754	-212.976248	0	T:20722.0(78.44%),B:18613.4(72.98%),P:1e-92	Tpos:200.8,Tstd:112.5,Bpos:201.5,Bstd:130.5,StrandBias:0.0,Multiplicity:1.70
0.001	0.623	0.283	0.093
0.143	0.855	0.001	0.001
0.214	0.001	0.784	0.001
0.130	0.001	0.215	0.654
0.877	0.001	0.001	0.121
0.147	0.625	0.227	0.001
>CTAGGC	12-CTAGGC	0.991730	-195.464054	0	T:17727.0(67.10%),B:15633.9(61.30%),P:1e-84	Tpos:200.5,Tstd:114.6,Bpos:198.5,Bstd:123.8,StrandBias:-0.0,Multiplicity:1.69
0.001	0.997	0.001	0.001
0.001	0.001	0.001	0.997
0.997	0.001	0.001	0.001
0.321	0.001	0.677	0.001
0.330	0.001	0.668	0.001
0.001	0.981	0.017	0.001
>CGCAGA	13-CGCAGA	5.840078	-153.841322	0	T:11081.0(41.94%),B:9375.8(36.76%),P:1e-66	Tpos:199.5,Tstd:110.7,Bpos:202.6,Bstd:136.8,StrandBias:0.0,Multiplicity:1.41
0.001	0.997	0.001	0.001
0.001	0.001	0.997	0.001
0.142	0.518	0.339	0.001
0.834	0.001	0.001	0.164
0.001	0.001	0.997	0.001
0.997	0.001	0.001	0.001
>GGGCCT	14-GGGCCT	5.992405	-151.345108	0	T:17842.0(67.54%),B:15932.9(62.47%),P:1e-65	Tpos:200.6,Tstd:115.8,Bpos:201.2,Bstd:119.9,StrandBias:0.0,Multiplicity:1.66
0.189	0.001	0.809	0.001
0.236	0.001	0.762	0.001
0.001	0.001	0.997	0.001
0.001	0.997	0.001	0.001
0.001	0.838	0.001	0.160
0.001	0.001	0.001	0.997
>AAMGCT	15-AAMGCT	4.750636	-149.311415	0	T:14601.0(55.27%),B:12758.5(50.02%),P:1e-64	Tpos:199.2,Tstd:113.7,Bpos:199.1,Bstd:126.8,StrandBias:0.0,Multiplicity:1.28
0.729	0.003	0.098	0.170
0.992	0.001	0.006	0.001
0.388	0.442	0.169	0.001
0.003	0.105	0.774	0.118
0.063	0.552	0.259	0.126
0.309	0.001	0.188	0.502
>AGTCGC	16-AGTCGC	1.394987	-147.744010	0	T:6695.0(25.34%),B:5353.4(20.99%),P:1e-64	Tpos:200.3,Tstd:112.2,Bpos:199.7,Bstd:135.5,StrandBias:-0.0,Multiplicity:1.12
0.997	0.001	0.001	0.001
0.001	0.001	0.997	0.001
0.001	0.001	0.001	0.997
0.001	0.997	0.001	0.001
0.001	0.001	0.997	0.001
0.001	0.617	0.001	0.381
>AGTTCC	17-AGTTCC	5.101316	-142.673613	0	T:14165.0(53.62%),B:12367.5(48.49%),P:1e-61	Tpos:200.5,Tstd:113.8,Bpos:198.9,Bstd:122.9,StrandBias:0.0,Multiplicity:1.27
0.801	0.001	0.197	0.001
0.001	0.001	0.997	0.001
0.001	0.001	0.001	0.997
0.001	0.001	0.001	0.997
0.206	0.642	0.151	0.001
0.001	0.997	0.001	0.001
>STATCG	18-STATCG	5.398136	-138.574662	0	T:3256.0(12.32%),B:2363.0(9.27%),P:1e-60	Tpos:199.9,Tstd:113.6,Bpos:202.4,Bstd:129.1,StrandBias:-0.1,Multiplicity:1.06
0.085	0.479	0.338	0.099
0.114	0.001	0.001	0.884
0.997	0.001	0.001	0.001
0.001	0.001	0.001	0.997
0.001	0.997	0.001	0.001
0.001	0.001	0.997	0.001
>AAAGCT	19-AAAGCT	6.401838	-135.694489	0	T:11150.0(42.21%),B:9521.9(37.33%),P:1e-58	Tpos:201.5,Tstd:113.3,Bpos:200.3,Bstd:124.3,StrandBias:0.0,Multiplicity:1.30
0.687	0.001	0.001	0.311
0.997	0.001	0.001	0.001
0.979	0.015	0.005	0.001
0.290	0.001	0.708	0.001
0.001	0.997	0.001	0.001
0.001	0.311	0.001	0.687
>ACTAGT	20-ACTAGT	1.288177	-131.397861	0	T:12869.0(48.71%),B:11175.4(43.82%),P:1e-57	Tpos:199.4,Tstd:113.9,Bpos:199.0,Bstd:125.8,StrandBias:0.0,Multiplicity:1.38
0.902	0.001	0.001	0.096
0.001	0.997	0.001	0.001
0.001	0.007	0.096	0.896
0.997	0.001	0.001	0.001
0.001	0.001	0.997	0.001
0.001	0.001	0.001	0.997
>TACGGC	21-TACGGC	1.339303	-120.624233	0	T:12466.0(47.19%),B:10843.1(42.51%),P:1e-52	Tpos:199.9,Tstd:111.8,Bpos:200.5,Bstd:126.1,StrandBias:-0.0,Multiplicity:1.29
0.055	0.001	0.001	0.943
0.997	0.001	0.001	0.001
0.001	0.997	0.001	0.001
0.001	0.001	0.926	0.072
0.001	0.001	0.997	0.001
0.001	0.997	0.001	0.001
>TGGCTG	22-TGGCTG	5.593362	-109.962716	0	T:16841.0(63.75%),B:15141.7(59.37%),P:1e-47	Tpos:198.8,Tstd:112.9,Bpos:199.6,Bstd:121.7,StrandBias:-0.0,Multiplicity:1.43
0.001	0.001	0.001	0.997
0.001	0.104	0.894	0.001
0.001	0.001	0.997	0.001
0.001	0.746	0.001	0.252
0.001	0.001	0.001	0.997
0.001	0.001	0.853	0.145
>GAGTCA	23-GAGTCA	5.603129	-104.950534	0	T:11854.0(44.87%),B:10341.7(40.55%),P:1e-45	Tpos:199.8,Tstd:112.6,Bpos:203.0,Bstd:122.5,StrandBias:0.0,Multiplicity:1.36
0.001	0.122	0.876	0.001
0.997	0.001	0.001	0.001
0.001	0.364	0.634	0.001
0.001	0.001	0.001	0.997
0.001	0.997	0.001	0.001
0.864	0.001	0.134	0.001
>CGCTTC	24-CGCTTC	6.177716	-95.755602	0	T:4655.0(17.62%),B:3721.1(14.59%),P:1e-41	Tpos:199.2,Tstd:111.3,Bpos:201.3,Bstd:134.9,StrandBias:-0.0,Multiplicity:1.11
0.100	0.700	0.100	0.100
0.100	0.100	0.700	0.100
0.100	0.700	0.100	0.100
0.100	0.100	0.100	0.700
0.100	0.100	0.100	0.700
0.100	0.700	0.100	0.100
>CATTCC	25-CATTCC	6.525379	-74.269413	0	T:7833.0(29.65%),B:6728.4(26.38%),P:1e-32	Tpos:201.5,Tstd:114.6,Bpos:199.0,Bstd:118.9,StrandBias:-0.0,Multiplicity:1.18
0.001	0.806	0.192	0.001
0.997	0.001	0.001	0.001
0.001	0.001	0.001	0.997
0.001	0.001	0.001	0.997
0.120	0.878	0.001	0.001
0.001	0.997	0.001	0.001
Mis_redirected¢DtypeEvalueôIhttp_code¢DtypeEvalueÈQdownload_complete¢DtypeEvalueõ