¦Ifinal_url¡DtypeLhttp_headers¢DtypeEvalue†¢Ak¢DtypeEvalueNContent-LengthAv¢DtypeEvalueD8908¢Ak¢DtypeEvalueMAccept-RangesAv¢DtypeEvalueEbytes¢Ak¢DtypeEvalueFServerAv¢DtypeEvalueX4Apache/2.4.6 (CentOS) OpenSSL/1.0.2k-fips SVN/1.7.14¢Ak¢DtypeEvalueMLast-ModifiedAv¢DtypeEvalueXThu, 08 Sep 2016 06:16:18 GMT¢Ak¢DtypeEvalueDETagAv¢DtypeEvalueT"22cc-53bf8f7cbbfe8"¢Ak¢DtypeEvalueDDateAv¢DtypeEvalueXThu, 07 Feb 2019 14:48:09 GMTKraw_content¢DtypeEvalueY"Ì>GTGACGTC	1-GTGACGTC	6.621762	-2244.857388	0	T:3670.0(22.35%),B:1968.0(6.33%),P:1e-974	Tpos:203.9,Tstd:76.1,Bpos:186.8,Bstd:136.9,StrandBias:0.0,Multiplicity:1.13
0.208	0.210	0.425	0.156
0.068	0.045	0.013	0.874
0.040	0.025	0.737	0.198
0.969	0.001	0.029	0.001
0.001	0.958	0.001	0.040
0.036	0.001	0.962	0.001
0.075	0.068	0.011	0.846
0.234	0.445	0.170	0.151
>ATGACTCA	2-ATGACTCA	5.591937	-2032.656809	0	T:5422.0(33.02%),B:4210.9(13.54%),P:1e-882	Tpos:201.6,Tstd:99.0,Bpos:199.8,Bstd:123.9,StrandBias:0.0,Multiplicity:1.31
0.673	0.114	0.200	0.013
0.001	0.001	0.001	0.997
0.001	0.001	0.970	0.028
0.997	0.001	0.001	0.001
0.073	0.669	0.206	0.052
0.001	0.001	0.062	0.936
0.034	0.964	0.001	0.001
0.997	0.001	0.001	0.001
>TGGCGTCA	3-TGGCGTCA	6.539818	-1285.035614	0	T:4516.0(27.50%),B:3947.2(12.69%),P:1e-558	Tpos:206.0,Tstd:97.1,Bpos:200.0,Bstd:127.1,StrandBias:-0.0,Multiplicity:1.16
0.001	0.143	0.001	0.855
0.001	0.001	0.754	0.244
0.205	0.001	0.650	0.144
0.001	0.997	0.001	0.001
0.391	0.001	0.607	0.001
0.201	0.001	0.001	0.797
0.001	0.997	0.001	0.001
0.997	0.001	0.001	0.001
>TYGCGTAA	4-TYGCGTAA	4.476420	-1109.886322	0	T:7613.0(46.37%),B:9015.5(28.98%),P:1e-482	Tpos:201.2,Tstd:104.2,Bpos:198.1,Bstd:145.3,StrandBias:0.0,Multiplicity:1.32
0.275	0.137	0.126	0.462
0.191	0.359	0.118	0.332
0.090	0.272	0.485	0.153
0.025	0.928	0.001	0.046
0.001	0.041	0.894	0.064
0.133	0.071	0.263	0.533
0.600	0.247	0.071	0.082
0.766	0.075	0.067	0.092
>MATTCCGB	5-MATTCCGB	5.071038	-1037.871636	0	T:7692.0(46.85%),B:9314.3(29.94%),P:1e-450	Tpos:200.3,Tstd:106.5,Bpos:198.3,Bstd:131.3,StrandBias:0.0,Multiplicity:1.38
0.324	0.370	0.135	0.171
0.446	0.230	0.045	0.279
0.017	0.001	0.001	0.981
0.023	0.106	0.168	0.703
0.229	0.506	0.217	0.048
0.001	0.932	0.066	0.001
0.236	0.041	0.561	0.162
0.091	0.295	0.269	0.346
>TGNTTACG	6-TGNTTACG	4.588225	-938.875532	0	T:7471.0(45.50%),B:9176.3(29.50%),P:1e-407	Tpos:201.5,Tstd:107.9,Bpos:197.1,Bstd:142.4,StrandBias:-0.0,Multiplicity:1.22
0.138	0.086	0.189	0.587
0.175	0.152	0.440	0.232
0.202	0.181	0.315	0.301
0.001	0.343	0.035	0.621
0.237	0.001	0.142	0.620
0.703	0.170	0.102	0.025
0.001	0.967	0.031	0.001
0.120	0.001	0.878	0.001
>GCCAATCG	7-GCCAATCG	5.938555	-563.309091	0	T:4024.0(24.51%),B:4534.4(14.58%),P:1e-244	Tpos:201.1,Tstd:102.9,Bpos:191.2,Bstd:128.0,StrandBias:0.1,Multiplicity:1.37
0.166	0.058	0.682	0.094
0.021	0.873	0.085	0.021
0.035	0.862	0.053	0.050
0.847	0.025	0.061	0.067
0.888	0.027	0.033	0.052
0.150	0.076	0.013	0.761
0.094	0.559	0.217	0.130
0.353	0.071	0.529	0.047
>GAATTCCG	8-GAATTCCG	5.417540	-509.353761	0	T:5241.0(31.92%),B:6610.7(21.25%),P:1e-221	Tpos:202.6,Tstd:111.5,Bpos:201.3,Bstd:134.1,StrandBias:-0.0,Multiplicity:1.10
0.066	0.110	0.786	0.038
0.570	0.259	0.140	0.031
0.782	0.108	0.064	0.046
0.105	0.092	0.036	0.767
0.036	0.043	0.151	0.770
0.041	0.774	0.136	0.049
0.013	0.862	0.023	0.102
0.110	0.072	0.691	0.127
>AGGAATKT	9-AGGAATKT	7.114068	-473.107726	0	T:3910.0(23.81%),B:4583.3(14.73%),P:1e-205	Tpos:202.6,Tstd:108.5,Bpos:198.5,Bstd:122.5,StrandBias:-0.0,Multiplicity:1.16
0.713	0.064	0.127	0.096
0.080	0.098	0.821	0.001
0.001	0.001	0.997	0.001
0.863	0.135	0.001	0.001
0.903	0.001	0.051	0.045
0.001	0.026	0.002	0.971
0.001	0.139	0.489	0.371
0.001	0.001	0.039	0.959
>CGCCCTWT	10-CGCCCTWT	1.787882	-466.256604	0	T:7048.0(42.93%),B:9832.6(31.61%),P:1e-202	Tpos:199.2,Tstd:110.5,Bpos:197.1,Bstd:146.1,StrandBias:-0.0,Multiplicity:1.46
0.001	0.997	0.001	0.001
0.001	0.001	0.997	0.001
0.182	0.816	0.001	0.001
0.114	0.605	0.013	0.268
0.001	0.627	0.371	0.001
0.331	0.001	0.001	0.667
0.533	0.001	0.001	0.465
0.337	0.001	0.001	0.661
>MGGAARCG	11-MGGAARCG	5.038966	-440.281113	0	T:6856.0(41.76%),B:9589.4(30.82%),P:1e-191	Tpos:201.5,Tstd:112.1,Bpos:198.0,Bstd:141.9,StrandBias:-0.0,Multiplicity:1.21
0.306	0.416	0.109	0.170
0.131	0.059	0.586	0.224
0.206	0.174	0.553	0.067
0.786	0.057	0.090	0.067
0.847	0.001	0.001	0.151
0.358	0.164	0.338	0.141
0.093	0.647	0.084	0.176
0.031	0.054	0.914	0.001
>TAANCGCC	12-TAANCGCC	3.945130	-430.780065	0	T:9575.0(58.32%),B:14601.9(46.94%),P:1e-187	Tpos:199.0,Tstd:112.1,Bpos:199.4,Bstd:137.6,StrandBias:0.0,Multiplicity:1.41
0.198	0.237	0.167	0.398
0.577	0.025	0.020	0.378
0.598	0.102	0.074	0.226
0.298	0.291	0.228	0.183
0.141	0.542	0.099	0.218
0.031	0.126	0.819	0.024
0.042	0.579	0.277	0.102
0.177	0.484	0.192	0.147
>TNACKCGM	13-TNACKCGM	3.862782	-311.687940	0	T:6746.0(41.09%),B:9914.2(31.87%),P:1e-135	Tpos:197.7,Tstd:112.9,Bpos:201.0,Bstd:140.5,StrandBias:-0.0,Multiplicity:1.18
0.322	0.169	0.020	0.489
0.332	0.186	0.216	0.265
0.660	0.113	0.130	0.097
0.055	0.619	0.256	0.070
0.241	0.034	0.426	0.299
0.142	0.515	0.342	0.001
0.086	0.203	0.493	0.218
0.391	0.303	0.172	0.134
>GGCGGGGC	14-GGCGGGGC	6.203988	-308.278885	0	T:6015.0(36.63%),B:8638.3(27.77%),P:1e-133	Tpos:201.5,Tstd:114.3,Bpos:189.3,Bstd:140.5,StrandBias:-0.0,Multiplicity:1.62
0.001	0.001	0.997	0.001
0.001	0.001	0.997	0.001
0.001	0.881	0.001	0.117
0.001	0.001	0.997	0.001
0.001	0.001	0.893	0.105
0.001	0.001	0.951	0.047
0.221	0.001	0.752	0.026
0.058	0.867	0.001	0.074
>GCCATAAA	15-GCCATAAA	6.439426	-262.420736	0	T:3937.0(23.98%),B:5286.3(16.99%),P:1e-113	Tpos:197.2,Tstd:109.2,Bpos:200.4,Bstd:123.5,StrandBias:-0.0,Multiplicity:1.20
0.038	0.218	0.725	0.019
0.001	0.740	0.001	0.258
0.135	0.831	0.001	0.033
0.971	0.027	0.001	0.001
0.048	0.021	0.080	0.851
0.965	0.001	0.001	0.033
0.971	0.014	0.001	0.014
0.979	0.011	0.001	0.009
>CGCTATCT	16-CGCTATCT	5.190572	-213.261806	0	T:3745.0(22.81%),B:5164.7(16.60%),P:1e-92	Tpos:201.6,Tstd:112.9,Bpos:200.6,Bstd:142.0,StrandBias:0.0,Multiplicity:1.09
0.050	0.841	0.084	0.025
0.001	0.001	0.997	0.001
0.055	0.680	0.229	0.036
0.001	0.005	0.001	0.993
0.874	0.054	0.001	0.071
0.185	0.001	0.254	0.560
0.096	0.522	0.149	0.233
0.113	0.103	0.261	0.523
>GTTTATYT	17-GTTTATYT	6.389677	-194.800108	0	T:4498.0(27.40%),B:6525.7(20.98%),P:1e-84	Tpos:198.6,Tstd:109.9,Bpos:198.1,Bstd:125.5,StrandBias:0.1,Multiplicity:1.32
0.001	0.098	0.900	0.001
0.001	0.197	0.060	0.742
0.065	0.001	0.023	0.911
0.091	0.060	0.001	0.848
0.791	0.001	0.207	0.001
0.001	0.204	0.001	0.794
0.057	0.389	0.207	0.346
0.138	0.163	0.027	0.672
>GTTTGGCA	18-GTTTGGCA	6.611312	-186.318924	0	T:3096.0(18.86%),B:4201.1(13.50%),P:1e-80	Tpos:201.0,Tstd:111.0,Bpos:197.5,Bstd:122.5,StrandBias:0.0,Multiplicity:1.11
0.172	0.141	0.535	0.152
0.001	0.148	0.018	0.833
0.039	0.034	0.001	0.926
0.035	0.010	0.001	0.954
0.001	0.012	0.922	0.065
0.017	0.025	0.957	0.001
0.028	0.936	0.023	0.013
0.951	0.020	0.028	0.001
>GTTTGCTY	19-GTTTGCTY	6.068928	-167.817481	0	T:7282.0(44.35%),B:11646.7(37.44%),P:1e-72	Tpos:199.1,Tstd:114.1,Bpos:199.6,Bstd:126.9,StrandBias:0.0,Multiplicity:1.28
0.001	0.001	0.997	0.001
0.173	0.313	0.047	0.468
0.003	0.041	0.045	0.911
0.001	0.001	0.340	0.658
0.220	0.303	0.477	0.001
0.001	0.939	0.059	0.001
0.218	0.255	0.057	0.470
0.001	0.470	0.087	0.442
>TCTTATCT	20-TCTTATCT	7.217806	-166.818926	0	T:1420.0(8.65%),B:1627.6(5.23%),P:1e-72	Tpos:202.7,Tstd:104.9,Bpos:202.4,Bstd:120.5,StrandBias:0.1,Multiplicity:1.09
0.084	0.179	0.001	0.736
0.001	0.855	0.143	0.001
0.001	0.001	0.001	0.997
0.001	0.001	0.001	0.997
0.997	0.001	0.001	0.001
0.001	0.001	0.001	0.997
0.001	0.997	0.001	0.001
0.138	0.001	0.046	0.815
>CCTAAGGG	21-CCTAAGGG	6.412405	-157.972866	0	T:3886.0(23.67%),B:5659.2(18.19%),P:1e-68	Tpos:198.3,Tstd:110.9,Bpos:199.3,Bstd:129.2,StrandBias:-0.0,Multiplicity:1.13
0.062	0.936	0.001	0.001
0.001	0.963	0.001	0.035
0.034	0.001	0.093	0.872
0.645	0.202	0.072	0.081
0.927	0.013	0.035	0.025
0.031	0.038	0.918	0.013
0.034	0.001	0.964	0.001
0.020	0.121	0.829	0.030
>TGACCTTT	22-TGACCTTT	7.990383	-143.942009	0	T:1788.0(10.89%),B:2260.2(7.27%),P:1e-62	Tpos:200.9,Tstd:109.5,Bpos:195.0,Bstd:122.8,StrandBias:0.0,Multiplicity:1.07
0.001	0.001	0.001	0.997
0.099	0.001	0.899	0.001
0.812	0.186	0.001	0.001
0.001	0.997	0.001	0.001
0.001	0.992	0.006	0.001
0.001	0.001	0.001	0.997
0.126	0.098	0.001	0.775
0.081	0.001	0.001	0.917
>TTGTGCAA	23-TTGTGCAA	8.675851	-143.864241	0	T:1139.0(6.94%),B:1275.4(4.10%),P:1e-62	Tpos:197.3,Tstd:107.2,Bpos:198.3,Bstd:125.0,StrandBias:-0.0,Multiplicity:1.05
0.001	0.001	0.001	0.997
0.001	0.001	0.001	0.997
0.229	0.001	0.769	0.001
0.145	0.001	0.001	0.853
0.001	0.001	0.997	0.001
0.001	0.814	0.001	0.184
0.997	0.001	0.001	0.001
0.997	0.001	0.001	0.001
>CACGTAAG	24-CACGTAAG	4.078409	-140.829028	0	T:1139.0(6.94%),B:1283.3(4.13%),P:1e-61	Tpos:203.5,Tstd:105.5,Bpos:191.5,Bstd:132.9,StrandBias:0.1,Multiplicity:1.07
0.001	0.997	0.001	0.001
0.997	0.001	0.001	0.001
0.001	0.997	0.001	0.001
0.001	0.001	0.997	0.001
0.001	0.001	0.001	0.997
0.923	0.001	0.008	0.068
0.991	0.001	0.007	0.001
0.001	0.182	0.816	0.001
>TCTCGCGA	25-TCTCGCGA	9.434567	-74.619337	0	T:206.0(1.25%),B:149.9(0.48%),P:1e-32	Tpos:205.1,Tstd:100.3,Bpos:190.9,Bstd:115.0,StrandBias:0.0,Multiplicity:1.10
0.001	0.001	0.001	0.997
0.195	0.803	0.001	0.001
0.001	0.001	0.001	0.997
0.001	0.997	0.001	0.001
0.001	0.001	0.997	0.001
0.001	0.997	0.001	0.001
0.001	0.001	0.997	0.001
0.997	0.001	0.001	0.001
Mis_redirected¢DtypeEvalueôIhttp_code¢DtypeEvalueÈQdownload_complete¢DtypeEvalueõ