¦Ifinal_url¡DtypeLhttp_headers¢DtypeEvalue†¢Ak¢DtypeEvalueNContent-LengthAv¢DtypeEvalueC457¢Ak¢DtypeEvalueMAccept-RangesAv¢DtypeEvalueEbytes¢Ak¢DtypeEvalueFServerAv¢DtypeEvalueX4Apache/2.4.6 (CentOS) OpenSSL/1.0.2k-fips SVN/1.7.14¢Ak¢DtypeEvalueMLast-ModifiedAv¢DtypeEvalueXFri, 09 Sep 2016 17:57:47 GMT¢Ak¢DtypeEvalueDETagAv¢DtypeEvalueS"1c9-53c16e2554de2"¢Ak¢DtypeEvalueDDateAv¢DtypeEvalueXThu, 07 Feb 2019 12:24:43 GMTKraw_content¢DtypeEvalueYÉ>KGTTGCCATGGCAA	Rfx1(HTH)/NPC-H3K4me1-ChIP-Seq(GSE16256)/Homer	8.058432	-7.999528	0	T:996.0(3.77%),B:863.1(3.38%),P:1e-3
0.139	0.180	0.397	0.284
0.023	0.004	0.972	0.001
0.005	0.085	0.022	0.888
0.048	0.191	0.025	0.736
0.107	0.075	0.670	0.148
0.001	0.930	0.006	0.063
0.001	0.893	0.001	0.105
0.827	0.070	0.031	0.072
0.081	0.036	0.080	0.803
0.093	0.001	0.905	0.001
0.066	0.007	0.925	0.002
0.163	0.599	0.095	0.143
0.672	0.025	0.257	0.046
0.844	0.047	0.098	0.011
Mis_redirected¢DtypeEvalueôIhttp_code¢DtypeEvalueÈQdownload_complete¢DtypeEvalueõ