¦Ifinal_url¡DtypeLhttp_headers¢DtypeEvalue†¢Ak¢DtypeEvalueNContent-LengthAv¢DtypeEvalueC460¢Ak¢DtypeEvalueMAccept-RangesAv¢DtypeEvalueEbytes¢Ak¢DtypeEvalueFServerAv¢DtypeEvalueX4Apache/2.4.6 (CentOS) OpenSSL/1.0.2k-fips SVN/1.7.14¢Ak¢DtypeEvalueMLast-ModifiedAv¢DtypeEvalueXThu, 08 Sep 2016 06:16:20 GMT¢Ak¢DtypeEvalueDETagAv¢DtypeEvalueS"1cc-53bf8f7e0edba"¢Ak¢DtypeEvalueDDateAv¢DtypeEvalueXThu, 07 Feb 2019 14:53:43 GMTKraw_content¢DtypeEvalueYÌ>GGTTGCCATGGCAA	X-box(HTH)/NPC-H3K4me1-ChIP-Seq(GSE16256)/Homer	9.021106	-29.860866	0	T:365.0(2.22%),B:460.3(1.48%),P:1e-12
0.170	0.071	0.470	0.290
0.036	0.018	0.921	0.025
0.009	0.051	0.016	0.924
0.055	0.057	0.023	0.865
0.139	0.057	0.591	0.213
0.005	0.862	0.025	0.108
0.007	0.869	0.001	0.123
0.870	0.053	0.011	0.066
0.073	0.012	0.063	0.852
0.120	0.001	0.876	0.003
0.096	0.027	0.873	0.004
0.219	0.541	0.076	0.164
0.789	0.024	0.126	0.061
0.892	0.031	0.054	0.023
Mis_redirected¢DtypeEvalueôIhttp_code¢DtypeEvalueÈQdownload_complete¢DtypeEvalueõ