¦Ifinal_url¡DtypeLhttp_headers¢DtypeEvalue†¢Ak¢DtypeEvalueNContent-LengthAv¢DtypeEvalueC613¢Ak¢DtypeEvalueMAccept-RangesAv¢DtypeEvalueEbytes¢Ak¢DtypeEvalueFServerAv¢DtypeEvalueX4Apache/2.4.6 (CentOS) OpenSSL/1.0.2k-fips SVN/1.7.14¢Ak¢DtypeEvalueMLast-ModifiedAv¢DtypeEvalueXThu, 08 Sep 2016 06:16:20 GMT¢Ak¢DtypeEvalueDETagAv¢DtypeEvalueS"265-53bf8f7e15b18"¢Ak¢DtypeEvalueDDateAv¢DtypeEvalueXThu, 07 Feb 2019 14:49:49 GMTKraw_content¢DtypeEvalueYe>AGATSTNDNNDSAGATAASN	GATA3(Zf),DR8/iTreg-Gata3-ChIP-Seq(GSE20898)/Homer	9.250016	-27.157840	0	T:238.0(1.45%),B:277.1(0.89%),P:1e-11
0.778	0.001	0.001	0.220
0.001	0.001	0.997	0.001
0.997	0.001	0.001	0.001
0.001	0.001	0.001	0.997
0.001	0.347	0.419	0.233
0.186	0.108	0.269	0.438
0.240	0.305	0.245	0.210
0.342	0.126	0.257	0.275
0.336	0.203	0.270	0.191
0.311	0.312	0.179	0.198
0.312	0.125	0.287	0.276
0.054	0.502	0.420	0.024
0.683	0.001	0.001	0.315
0.001	0.001	0.997	0.001
0.997	0.001	0.001	0.001
0.001	0.001	0.001	0.997
0.689	0.001	0.077	0.233
0.498	0.024	0.334	0.143
0.174	0.299	0.341	0.186
0.330	0.221	0.209	0.239
Mis_redirected¢DtypeEvalueôIhttp_code¢DtypeEvalueÈQdownload_complete¢DtypeEvalueõ