¦Ifinal_url¡DtypeLhttp_headers¢DtypeEvalue†¢Ak¢DtypeEvalueNContent-LengthAv¢DtypeEvalueD8915¢Ak¢DtypeEvalueMAccept-RangesAv¢DtypeEvalueEbytes¢Ak¢DtypeEvalueFServerAv¢DtypeEvalueX4Apache/2.4.6 (CentOS) OpenSSL/1.0.2k-fips SVN/1.7.14¢Ak¢DtypeEvalueMLast-ModifiedAv¢DtypeEvalueXFri, 09 Sep 2016 17:57:08 GMT¢Ak¢DtypeEvalueDETagAv¢DtypeEvalueT"22d3-53c16e00573d2"¢Ak¢DtypeEvalueDDateAv¢DtypeEvalueXThu, 07 Feb 2019 11:28:29 GMTKraw_content¢DtypeEvalueY"Ó>CGGAAGTA	1-CGGAAGTA	6.502231	-77.776786	0	T:3394.0(51.28%),B:16417.1(43.17%),P:1e-33	Tpos:1021.2,Tstd:420.3,Bpos:1034.9,Bstd:557.5,StrandBias:0.0,Multiplicity:1.53
0.001	0.997	0.001	0.001
0.001	0.001	0.954	0.044
0.082	0.015	0.902	0.001
0.913	0.001	0.068	0.018
0.997	0.001	0.001	0.001
0.048	0.023	0.893	0.036
0.046	0.066	0.047	0.841
0.543	0.158	0.221	0.078
>GGCGGGGC	2-GGCGGGGC	6.291044	-49.822250	0	T:6426.0(97.08%),B:35899.4(94.41%),P:1e-21	Tpos:1069.2,Tstd:420.7,Bpos:1063.2,Bstd:566.1,StrandBias:0.2,Multiplicity:7.54
0.100	0.100	0.700	0.100
0.100	0.100	0.700	0.100
0.100	0.700	0.100	0.100
0.100	0.100	0.700	0.100
0.100	0.100	0.700	0.100
0.100	0.100	0.700	0.100
0.100	0.100	0.700	0.100
0.100	0.700	0.100	0.100
>GTAGTTCG	3-GTAGTTCG	5.776958	-43.829111	0	T:3510.0(53.03%),B:17877.9(47.02%),P:1e-19	Tpos:1065.9,Tstd:511.0,Bpos:1060.7,Bstd:633.1,StrandBias:0.2,Multiplicity:1.47
0.001	0.153	0.800	0.046
0.199	0.002	0.122	0.677
0.508	0.091	0.215	0.186
0.001	0.255	0.581	0.163
0.071	0.126	0.002	0.801
0.001	0.206	0.001	0.792
0.117	0.799	0.001	0.083
0.079	0.087	0.833	0.001
>CAAAAACG	4-CAAAAACG	7.134083	-41.351892	0	T:1739.0(26.27%),B:8118.8(21.35%),P:1e-17	Tpos:1059.5,Tstd:582.2,Bpos:1023.0,Bstd:727.1,StrandBias:-0.3,Multiplicity:1.20
0.099	0.870	0.001	0.030
0.882	0.062	0.001	0.055
0.927	0.024	0.048	0.001
0.734	0.080	0.141	0.045
0.906	0.029	0.001	0.064
0.829	0.128	0.001	0.042
0.001	0.997	0.001	0.001
0.001	0.001	0.966	0.032
>TATTGGCG	5-TATTGGCG	7.089687	-40.994316	0	T:1330.0(20.09%),B:5969.4(15.70%),P:1e-17	Tpos:996.6,Tstd:532.0,Bpos:1017.1,Bstd:649.8,StrandBias:0.3,Multiplicity:1.13
0.022	0.037	0.040	0.901
0.895	0.043	0.001	0.061
0.001	0.082	0.060	0.857
0.001	0.023	0.020	0.956
0.034	0.029	0.889	0.048
0.001	0.001	0.997	0.001
0.057	0.892	0.001	0.050
0.001	0.113	0.649	0.237
>GCCTACGC	6-GCCTACGC	7.047889	-39.965479	0	T:3478.0(52.55%),B:17803.7(46.82%),P:1e-17	Tpos:1049.6,Tstd:411.0,Bpos:1050.0,Bstd:552.8,StrandBias:0.0,Multiplicity:1.45
0.001	0.001	0.973	0.025
0.020	0.893	0.029	0.058
0.001	0.876	0.081	0.042
0.001	0.001	0.104	0.894
0.729	0.075	0.195	0.001
0.061	0.829	0.109	0.001
0.001	0.001	0.997	0.001
0.025	0.893	0.001	0.081
>TAGCGCTT	7-TAGCGCTT	6.439547	-39.470577	0	T:1936.0(29.25%),B:9221.7(24.25%),P:1e-17	Tpos:1019.3,Tstd:528.4,Bpos:1036.8,Bstd:650.5,StrandBias:0.1,Multiplicity:1.20
0.001	0.095	0.001	0.903
0.825	0.142	0.001	0.032
0.095	0.001	0.903	0.001
0.001	0.997	0.001	0.001
0.046	0.001	0.887	0.066
0.021	0.828	0.054	0.097
0.059	0.041	0.029	0.871
0.001	0.001	0.120	0.878
>GCCGTAAA	8-GCCGTAAA	5.273077	-37.912298	0	T:2601.0(39.30%),B:12910.3(33.95%),P:1e-16	Tpos:1030.9,Tstd:499.1,Bpos:1034.5,Bstd:627.4,StrandBias:-0.1,Multiplicity:1.30
0.001	0.024	0.900	0.075
0.052	0.857	0.051	0.040
0.001	0.932	0.001	0.066
0.001	0.001	0.927	0.071
0.001	0.075	0.078	0.846
0.876	0.059	0.037	0.028
0.944	0.027	0.028	0.001
0.823	0.072	0.052	0.053
>CATGGCGG	9-CATGGCGG	7.583019	-37.636134	0	T:2245.0(33.92%),B:10951.4(28.80%),P:1e-16	Tpos:1072.4,Tstd:398.5,Bpos:1072.4,Bstd:531.7,StrandBias:0.4,Multiplicity:1.19
0.001	0.707	0.222	0.070
0.997	0.001	0.001	0.001
0.144	0.001	0.001	0.854
0.001	0.001	0.939	0.059
0.001	0.001	0.915	0.083
0.001	0.997	0.001	0.001
0.001	0.001	0.997	0.001
0.001	0.001	0.928	0.070
>GCGACGAT	10-GCGACGAT	6.683493	-37.275278	0	T:1615.0(24.40%),B:7552.7(19.86%),P:1e-16	Tpos:1074.4,Tstd:452.3,Bpos:1058.9,Bstd:607.6,StrandBias:0.1,Multiplicity:1.15
0.021	0.001	0.944	0.034
0.021	0.977	0.001	0.001
0.001	0.036	0.861	0.102
0.920	0.001	0.060	0.019
0.078	0.920	0.001	0.001
0.036	0.001	0.851	0.112
0.910	0.001	0.033	0.056
0.001	0.178	0.208	0.613
>CCAATCGG	11-CCAATCGG	6.625813	-37.195308	0	T:2796.0(42.24%),B:14019.2(36.87%),P:1e-16	Tpos:985.7,Tstd:455.1,Bpos:986.2,Bstd:578.2,StrandBias:-0.0,Multiplicity:1.39
0.023	0.866	0.039	0.072
0.040	0.932	0.027	0.001
0.997	0.001	0.001	0.001
0.942	0.056	0.001	0.001
0.081	0.043	0.001	0.875
0.047	0.817	0.111	0.025
0.132	0.045	0.785	0.038
0.064	0.001	0.934	0.001
>ACGACTAS	12-ACGACTAS	2.877159	-34.355785	0	T:1771.0(26.76%),B:8460.1(22.25%),P:1e-14	Tpos:1018.6,Tstd:559.3,Bpos:1023.7,Bstd:668.2,StrandBias:-0.1,Multiplicity:1.18
0.997	0.001	0.001	0.001
0.364	0.634	0.001	0.001
0.001	0.001	0.997	0.001
0.604	0.394	0.001	0.001
0.001	0.997	0.001	0.001
0.001	0.001	0.001	0.997
0.997	0.001	0.001	0.001
0.001	0.564	0.434	0.001
>ACGTAAGG	13-ACGTAAGG	6.329903	-32.749789	0	T:2683.0(40.53%),B:13519.1(35.55%),P:1e-14	Tpos:1041.0,Tstd:556.1,Bpos:1046.7,Bstd:658.2,StrandBias:0.1,Multiplicity:1.29
0.947	0.029	0.023	0.001
0.048	0.840	0.043	0.069
0.001	0.099	0.864	0.036
0.051	0.027	0.042	0.880
0.881	0.001	0.065	0.053
0.947	0.001	0.033	0.019
0.099	0.047	0.819	0.035
0.039	0.067	0.853	0.041
>TCGCGATA	14-TCGCGATA	5.678949	-32.021965	0	T:1110.0(16.77%),B:5014.0(13.19%),P:1e-13	Tpos:1045.8,Tstd:403.2,Bpos:1021.7,Bstd:558.0,StrandBias:-0.1,Multiplicity:1.13
0.001	0.020	0.001	0.978
0.001	0.997	0.001	0.001
0.001	0.001	0.997	0.001
0.015	0.983	0.001	0.001
0.257	0.001	0.741	0.001
0.997	0.001	0.001	0.001
0.001	0.275	0.069	0.655
0.952	0.023	0.024	0.001
>TTCGTTTA	15-TTCGTTTA	6.903904	-31.690091	0	T:1966.0(29.70%),B:9589.1(25.22%),P:1e-13	Tpos:986.6,Tstd:623.4,Bpos:974.2,Bstd:737.0,StrandBias:0.3,Multiplicity:1.24
0.082	0.001	0.072	0.845
0.041	0.057	0.001	0.901
0.001	0.997	0.001	0.001
0.001	0.100	0.784	0.115
0.019	0.071	0.073	0.837
0.106	0.001	0.066	0.827
0.001	0.001	0.054	0.944
0.859	0.039	0.048	0.054
>TAGTBCCG	16-TAGTBCCG	7.786799	-29.971714	0	T:1511.0(22.83%),B:7178.6(18.88%),P:1e-13	Tpos:1049.1,Tstd:465.7,Bpos:1036.0,Bstd:614.1,StrandBias:-0.1,Multiplicity:1.10
0.391	0.001	0.001	0.607
0.876	0.122	0.001	0.001
0.015	0.001	0.961	0.023
0.001	0.001	0.001	0.997
0.062	0.351	0.234	0.353
0.006	0.547	0.367	0.080
0.001	0.997	0.001	0.001
0.001	0.001	0.872	0.126
>TACGGTTV	17-TACGGTTV	5.806634	-29.489890	0	T:2960.0(44.72%),B:15181.9(39.93%),P:1e-12	Tpos:1040.9,Tstd:554.9,Bpos:1050.0,Bstd:678.4,StrandBias:0.2,Multiplicity:1.35
0.061	0.001	0.108	0.830
0.773	0.061	0.109	0.057
0.271	0.564	0.162	0.003
0.001	0.212	0.767	0.020
0.061	0.080	0.857	0.002
0.001	0.007	0.083	0.909
0.001	0.052	0.003	0.944
0.315	0.330	0.354	0.001
>ACGCGTTT	18-ACGCGTTT	6.482454	-29.161371	0	T:2042.0(30.85%),B:10078.3(26.50%),P:1e-12	Tpos:1027.0,Tstd:545.8,Bpos:1031.5,Bstd:681.6,StrandBias:0.3,Multiplicity:1.20
0.964	0.001	0.034	0.001
0.043	0.828	0.072	0.057
0.042	0.087	0.870	0.001
0.001	0.834	0.103	0.062
0.062	0.096	0.757	0.085
0.025	0.001	0.026	0.948
0.001	0.046	0.001	0.952
0.001	0.048	0.032	0.919
>TCGAACGA	19-TCGAACGA	6.776121	-28.200161	0	T:943.0(14.25%),B:4232.4(11.13%),P:1e-12	Tpos:1058.2,Tstd:514.0,Bpos:1044.8,Bstd:657.9,StrandBias:-0.1,Multiplicity:1.07
0.049	0.096	0.001	0.854
0.001	0.834	0.079	0.086
0.078	0.088	0.787	0.047
0.834	0.001	0.033	0.132
0.919	0.035	0.045	0.001
0.001	0.997	0.001	0.001
0.001	0.001	0.948	0.050
0.865	0.070	0.023	0.042
>TGAGCGTA	20-TGAGCGTA	7.913826	-26.229736	0	T:931.0(14.07%),B:4214.0(11.08%),P:1e-11	Tpos:1059.7,Tstd:506.1,Bpos:1062.6,Bstd:632.4,StrandBias:0.2,Multiplicity:1.07
0.001	0.001	0.120	0.878
0.001	0.095	0.716	0.188
0.997	0.001	0.001	0.001
0.172	0.001	0.715	0.112
0.001	0.975	0.023	0.001
0.001	0.001	0.997	0.001
0.001	0.001	0.165	0.833
0.883	0.115	0.001	0.001
>CGGATTGA	21-CGGATTGA	7.121632	-24.704621	0	T:1496.0(22.60%),B:7242.6(19.05%),P:1e-10	Tpos:1045.4,Tstd:556.3,Bpos:1036.2,Bstd:664.2,StrandBias:0.3,Multiplicity:1.12
0.060	0.816	0.097	0.027
0.001	0.001	0.946	0.052
0.001	0.001	0.997	0.001
0.798	0.069	0.043	0.090
0.001	0.042	0.075	0.882
0.029	0.034	0.001	0.936
0.136	0.037	0.766	0.061
0.903	0.001	0.001	0.095
>GTCACGTG	22-GTCACGTG	7.466318	-22.996521	0	T:1370.0(20.70%),B:6614.3(17.39%),P:1e-9	Tpos:996.7,Tstd:458.4,Bpos:992.7,Bstd:561.5,StrandBias:0.1,Multiplicity:1.16
0.001	0.001	0.997	0.001
0.001	0.001	0.001	0.997
0.001	0.997	0.001	0.001
0.916	0.082	0.001	0.001
0.167	0.831	0.001	0.001
0.151	0.001	0.847	0.001
0.001	0.146	0.001	0.852
0.049	0.001	0.949	0.001
>TATCGAGT	23-TATCGAGT	7.343720	-21.722040	0	T:714.0(10.79%),B:3194.2(8.40%),P:1e-9	Tpos:1047.0,Tstd:584.1,Bpos:1044.6,Bstd:704.3,StrandBias:0.3,Multiplicity:1.06
0.042	0.068	0.058	0.832
0.808	0.190	0.001	0.001
0.001	0.001	0.001	0.997
0.001	0.768	0.185	0.046
0.031	0.072	0.896	0.001
0.933	0.019	0.027	0.021
0.001	0.001	0.997	0.001
0.001	0.141	0.069	0.789
>GTTTTCAA	24-GTTTTCAA	9.199236	-18.912404	0	T:807.0(12.19%),B:3741.3(9.84%),P:1e-8	Tpos:978.8,Tstd:648.2,Bpos:972.9,Bstd:754.0,StrandBias:-0.2,Multiplicity:1.10
0.001	0.001	0.997	0.001
0.001	0.001	0.001	0.997
0.222	0.001	0.001	0.776
0.001	0.001	0.001	0.997
0.198	0.001	0.001	0.800
0.001	0.997	0.001	0.001
0.997	0.001	0.001	0.001
0.997	0.001	0.001	0.001
>CACGGCCG	25-CACGGCCG	9.132495	-14.737607	0	T:921.0(13.91%),B:4460.8(11.73%),P:1e-6	Tpos:1095.4,Tstd:435.7,Bpos:1087.0,Bstd:590.1,StrandBias:-0.5,Multiplicity:1.09
0.201	0.797	0.001	0.001
0.997	0.001	0.001	0.001
0.001	0.997	0.001	0.001
0.001	0.001	0.997	0.001
0.218	0.001	0.780	0.001
0.001	0.914	0.001	0.084
0.001	0.997	0.001	0.001
0.001	0.001	0.997	0.001
Mis_redirected¢DtypeEvalueôIhttp_code¢DtypeEvalueÈQdownload_complete¢DtypeEvalueõ