¦Ifinal_url¡DtypeLhttp_headers¢DtypeEvalue†¢Ak¢DtypeEvalueNContent-LengthAv¢DtypeEvalueE33519¢Ak¢DtypeEvalueMAccept-RangesAv¢DtypeEvalueEbytes¢Ak¢DtypeEvalueFServerAv¢DtypeEvalueX4Apache/2.4.6 (CentOS) OpenSSL/1.0.2k-fips SVN/1.7.14¢Ak¢DtypeEvalueMLast-ModifiedAv¢DtypeEvalueXThu, 08 Sep 2016 06:16:18 GMT¢Ak¢DtypeEvalueDETagAv¢DtypeEvalueT"82ef-53bf8f7cc0635"¢Ak¢DtypeEvalueDDateAv¢DtypeEvalueXThu, 07 Feb 2019 15:00:42 GMTKraw_content¢DtypeEvalueY‚ï>ACGT	1-ACGT	4.118477	-861.984067	0	T:8744.0(53.26%),B:11610.5(37.32%),P:1e-374	Tpos:201.7,Tstd:99.3,Bpos:195.2,Bstd:143.1,StrandBias:0.0,Multiplicity:1.49
0.700	0.100	0.100	0.100
0.100	0.700	0.100	0.100
0.100	0.100	0.700	0.100
0.100	0.100	0.100	0.700
>WACG	2-WACG	4.735431	-457.981492	0	T:12777.0(77.82%),B:20889.7(67.15%),P:1e-198	Tpos:199.7,Tstd:110.6,Bpos:200.8,Bstd:146.7,StrandBias:0.0,Multiplicity:2.04
0.449	0.001	0.001	0.549
0.997	0.001	0.001	0.001
0.001	0.997	0.001	0.001
0.001	0.001	0.997	0.001
>CGCA	3-CGCA	4.118477	-348.205672	0	T:11620.0(70.77%),B:18968.7(60.97%),P:1e-151	Tpos:200.8,Tstd:112.3,Bpos:198.5,Bstd:147.2,StrandBias:-0.0,Multiplicity:2.65
0.100	0.700	0.100	0.100
0.100	0.100	0.700	0.100
0.100	0.700	0.100	0.100
0.700	0.100	0.100	0.100
>GTCA	4-GTCA	4.118477	-294.686833	0	T:15509.0(94.46%),B:27715.8(89.09%),P:1e-127	Tpos:200.3,Tstd:109.7,Bpos:200.4,Bstd:126.1,StrandBias:0.0,Multiplicity:3.00
0.100	0.100	0.700	0.100
0.100	0.100	0.100	0.700
0.100	0.700	0.100	0.100
0.700	0.100	0.100	0.100
>TAAC	5-TAAC	4.118477	-146.214876	0	T:12032.0(73.28%),B:20906.2(67.20%),P:1e-63	Tpos:199.4,Tstd:116.2,Bpos:199.8,Bstd:128.0,StrandBias:-0.0,Multiplicity:2.27
0.100	0.100	0.100	0.700
0.700	0.100	0.100	0.100
0.700	0.100	0.100	0.100
0.100	0.700	0.100	0.100
>TTAC	6-TTAC	4.118477	-136.401771	0	T:13050.0(79.48%),B:23034.1(74.04%),P:1e-59	Tpos:200.1,Tstd:116.0,Bpos:199.7,Bstd:126.2,StrandBias:0.0,Multiplicity:2.27
0.100	0.100	0.100	0.700
0.100	0.100	0.100	0.700
0.700	0.100	0.100	0.100
0.100	0.700	0.100	0.100
>CGCT	7-CGCT	4.994878	-127.555150	0	T:11382.0(69.32%),B:19748.5(63.48%),P:1e-55	Tpos:201.3,Tstd:113.4,Bpos:200.6,Bstd:149.8,StrandBias:-0.0,Multiplicity:2.63
0.001	0.997	0.001	0.001
0.001	0.001	0.997	0.001
0.001	0.582	0.416	0.001
0.001	0.001	0.001	0.997
>CGGA	8-CGGA	4.118477	-85.414881	0	T:11030.0(67.18%),B:19406.4(62.38%),P:1e-37	Tpos:201.5,Tstd:112.1,Bpos:200.2,Bstd:147.7,StrandBias:0.0,Multiplicity:3.36
0.100	0.700	0.100	0.100
0.100	0.100	0.700	0.100
0.100	0.100	0.700	0.100
0.700	0.100	0.100	0.100
>GTCG	9-GTCG	4.118477	-73.719922	0	T:9132.0(55.62%),B:15864.6(51.00%),P:1e-32	Tpos:201.3,Tstd:112.4,Bpos:200.9,Bstd:151.9,StrandBias:0.0,Multiplicity:1.97
0.100	0.100	0.700	0.100
0.100	0.100	0.100	0.700
0.100	0.700	0.100	0.100
0.100	0.100	0.700	0.100
>CGAA	10-CGAA	4.118477	-63.071133	0	T:9451.0(57.56%),B:16585.8(53.31%),P:1e-27	Tpos:198.5,Tstd:114.2,Bpos:200.3,Bstd:148.3,StrandBias:0.0,Multiplicity:1.73
0.100	0.700	0.100	0.100
0.100	0.100	0.700	0.100
0.700	0.100	0.100	0.100
0.700	0.100	0.100	0.100
>TGACG	1-TGACG	5.391595	-2450.537369	0	T:9132.0(55.62%),B:9136.6(29.37%),P:1e-1064	Tpos:201.9,Tstd:90.6,Bpos:195.8,Bstd:143.8,StrandBias:0.0,Multiplicity:1.62
0.001	0.001	0.001	0.997
0.001	0.001	0.781	0.217
0.997	0.001	0.001	0.001
0.001	0.997	0.001	0.001
0.001	0.001	0.997	0.001
>CGACG	2-CGACG	3.436115	-1080.459994	0	T:11964.0(72.87%),B:17204.2(55.30%),P:1e-469	Tpos:202.3,Tstd:112.4,Bpos:202.0,Bstd:152.2,StrandBias:0.0,Multiplicity:1.50
0.001	0.942	0.001	0.056
0.342	0.001	0.600	0.057
0.997	0.001	0.001	0.001
0.001	0.997	0.001	0.001
0.001	0.002	0.943	0.054
>ACGTA	3-ACGTA	4.091968	-1076.858432	0	T:12128.0(73.87%),B:17554.5(56.43%),P:1e-467	Tpos:200.8,Tstd:108.4,Bpos:198.3,Bstd:146.7,StrandBias:-0.1,Multiplicity:1.64
0.997	0.001	0.001	0.001
0.001	0.997	0.001	0.001
0.001	0.001	0.997	0.001
0.001	0.292	0.001	0.706
0.661	0.136	0.202	0.001
>ACGAC	4-ACGAC	4.643907	-535.981094	0	T:9804.0(59.71%),B:14625.9(47.01%),P:1e-232	Tpos:199.8,Tstd:111.0,Bpos:201.0,Bstd:127.4,StrandBias:-0.0,Multiplicity:1.23
0.873	0.001	0.001	0.125
0.001	0.864	0.001	0.134
0.001	0.001	0.873	0.125
0.997	0.001	0.001	0.001
0.001	0.997	0.001	0.001
>CGGAA	5-CGGAA	5.148096	-532.461918	0	T:6394.0(38.94%),B:8472.0(27.23%),P:1e-231	Tpos:202.2,Tstd:107.0,Bpos:197.4,Bstd:143.3,StrandBias:0.0,Multiplicity:1.73
0.100	0.700	0.100	0.100
0.100	0.100	0.700	0.100
0.100	0.100	0.700	0.100
0.700	0.100	0.100	0.100
0.700	0.100	0.100	0.100
>AGTCA	6-AGTCA	5.148096	-404.710029	0	T:9349.0(56.94%),B:14282.3(45.91%),P:1e-175	Tpos:199.7,Tstd:110.5,Bpos:200.7,Bstd:124.5,StrandBias:0.0,Multiplicity:1.62
0.700	0.100	0.100	0.100
0.100	0.100	0.700	0.100
0.100	0.100	0.100	0.700
0.100	0.700	0.100	0.100
0.700	0.100	0.100	0.100
>ATTCC	7-ATTCC	5.148096	-353.107964	0	T:9154.0(55.75%),B:14141.6(45.46%),P:1e-153	Tpos:201.5,Tstd:112.3,Bpos:199.8,Bstd:123.6,StrandBias:-0.0,Multiplicity:1.55
0.700	0.100	0.100	0.100
0.100	0.100	0.100	0.700
0.100	0.100	0.100	0.700
0.100	0.700	0.100	0.100
0.100	0.700	0.100	0.100
>GCGTT	8-GCGTT	5.798595	-349.044574	0	T:6376.0(38.83%),B:9100.8(29.25%),P:1e-151	Tpos:200.2,Tstd:108.9,Bpos:203.2,Bstd:148.2,StrandBias:-0.1,Multiplicity:1.38
0.001	0.001	0.997	0.001
0.001	0.997	0.001	0.001
0.001	0.001	0.997	0.001
0.001	0.001	0.001	0.997
0.326	0.001	0.001	0.672
>TTTCC	9-TTTCC	5.148096	-288.672722	0	T:12301.0(74.92%),B:20636.1(66.33%),P:1e-125	Tpos:199.3,Tstd:116.2,Bpos:198.9,Bstd:127.7,StrandBias:0.0,Multiplicity:1.83
0.100	0.100	0.100	0.700
0.100	0.100	0.100	0.700
0.100	0.100	0.100	0.700
0.100	0.700	0.100	0.100
0.100	0.700	0.100	0.100
>TTGCG	10-TTGCG	5.967535	-268.667804	0	T:6349.0(38.67%),B:9405.1(30.23%),P:1e-116	Tpos:201.5,Tstd:110.6,Bpos:197.1,Bstd:148.2,StrandBias:-0.0,Multiplicity:1.40
0.001	0.001	0.001	0.997
0.386	0.001	0.001	0.612
0.001	0.001	0.997	0.001
0.001	0.997	0.001	0.001
0.001	0.001	0.997	0.001
>CCAAT	11-CCAAT	5.148096	-255.179190	0	T:7244.0(44.12%),B:11080.5(35.62%),P:1e-110	Tpos:197.8,Tstd:108.3,Bpos:194.4,Bstd:124.2,StrandBias:-0.0,Multiplicity:1.53
0.100	0.700	0.100	0.100
0.100	0.700	0.100	0.100
0.700	0.100	0.100	0.100
0.700	0.100	0.100	0.100
0.100	0.100	0.100	0.700
>AACCG	12-AACCG	2.839314	-245.042335	0	T:14795.0(90.11%),B:26200.1(84.22%),P:1e-106	Tpos:200.4,Tstd:114.5,Bpos:199.4,Bstd:136.7,StrandBias:-0.0,Multiplicity:2.17
0.683	0.001	0.001	0.315
0.997	0.001	0.001	0.001
0.139	0.859	0.001	0.001
0.001	0.821	0.177	0.001
0.001	0.001	0.997	0.001
>GTTTA	13-GTTTA	5.148096	-220.938143	0	T:7322.0(44.59%),B:11404.4(36.66%),P:1e-95	Tpos:200.2,Tstd:112.9,Bpos:198.9,Bstd:128.1,StrandBias:0.0,Multiplicity:1.54
0.100	0.100	0.700	0.100
0.100	0.100	0.100	0.700
0.100	0.100	0.100	0.700
0.100	0.100	0.100	0.700
0.700	0.100	0.100	0.100
>GCCAA	14-GCCAA	5.148096	-197.862806	0	T:10043.0(61.17%),B:16656.7(53.54%),P:1e-85	Tpos:198.4,Tstd:113.2,Bpos:199.0,Bstd:124.6,StrandBias:-0.0,Multiplicity:1.32
0.100	0.100	0.700	0.100
0.100	0.700	0.100	0.100
0.100	0.700	0.100	0.100
0.700	0.100	0.100	0.100
0.700	0.100	0.100	0.100
>GCTTT	15-GCTTT	5.148096	-195.030326	0	T:10171.0(61.95%),B:16921.2(54.39%),P:1e-84	Tpos:199.2,Tstd:115.9,Bpos:200.1,Bstd:129.6,StrandBias:0.0,Multiplicity:1.50
0.100	0.100	0.700	0.100
0.100	0.700	0.100	0.100
0.100	0.100	0.100	0.700
0.100	0.100	0.100	0.700
0.100	0.100	0.100	0.700
>AATGC	16-AATGC	5.148096	-177.219693	0	T:8003.0(48.74%),B:12920.5(41.53%),P:1e-76	Tpos:200.0,Tstd:114.0,Bpos:197.8,Bstd:126.3,StrandBias:0.0,Multiplicity:1.38
0.700	0.100	0.100	0.100
0.700	0.100	0.100	0.100
0.100	0.100	0.100	0.700
0.100	0.100	0.700	0.100
0.100	0.700	0.100	0.100
>TAASC	17-TAASC	5.988733	-145.235846	0	T:9142.0(55.68%),B:15281.0(49.12%),P:1e-63	Tpos:198.1,Tstd:115.0,Bpos:199.4,Bstd:128.2,StrandBias:0.0,Multiplicity:1.37
0.001	0.001	0.001	0.997
0.849	0.001	0.001	0.149
0.997	0.001	0.001	0.001
0.001	0.463	0.535	0.001
0.001	0.997	0.001	0.001
>AAACA	18-AAACA	5.148096	-142.621484	0	T:10605.0(64.59%),B:18114.6(58.23%),P:1e-61	Tpos:199.2,Tstd:116.1,Bpos:200.4,Bstd:126.5,StrandBias:-0.0,Multiplicity:1.76
0.700	0.100	0.100	0.100
0.700	0.100	0.100	0.100
0.700	0.100	0.100	0.100
0.100	0.700	0.100	0.100
0.700	0.100	0.100	0.100
>TTCGG	19-TTCGG	4.770213	-132.915140	0	T:8200.0(49.94%),B:13592.9(43.69%),P:1e-57	Tpos:200.0,Tstd:113.5,Bpos:201.7,Bstd:148.1,StrandBias:-0.0,Multiplicity:1.48
0.201	0.001	0.012	0.786
0.001	0.011	0.001	0.987
0.001	0.997	0.001	0.001
0.011	0.001	0.987	0.001
0.011	0.398	0.590	0.001
>GGCTT	20-GGCTT	5.148096	-126.673083	0	T:10230.0(62.31%),B:17505.8(56.27%),P:1e-55	Tpos:199.5,Tstd:115.2,Bpos:199.1,Bstd:129.2,StrandBias:-0.0,Multiplicity:1.35
0.100	0.100	0.700	0.100
0.100	0.100	0.700	0.100
0.100	0.700	0.100	0.100
0.100	0.100	0.100	0.700
0.100	0.100	0.100	0.700
>TCTGA	21-TCTGA	5.148096	-117.592844	0	T:9990.0(60.84%),B:17113.9(55.01%),P:1e-51	Tpos:199.7,Tstd:116.1,Bpos:200.6,Bstd:122.7,StrandBias:0.0,Multiplicity:1.49
0.100	0.100	0.100	0.700
0.100	0.700	0.100	0.100
0.100	0.100	0.100	0.700
0.100	0.100	0.700	0.100
0.700	0.100	0.100	0.100
>SATAA	22-SATAA	6.153735	-107.117229	0	T:9263.0(56.42%),B:15806.9(50.81%),P:1e-46	Tpos:199.7,Tstd:112.0,Bpos:199.9,Bstd:124.6,StrandBias:-0.0,Multiplicity:1.98
0.001	0.465	0.533	0.001
0.997	0.001	0.001	0.001
0.001	0.001	0.001	0.997
0.997	0.001	0.001	0.001
0.997	0.001	0.001	0.001
>TGACGT	1-TGACGT	4.373521	-2782.271918	0	T:6922.0(42.16%),B:5374.8(17.28%),P:1e-1208	Tpos:202.9,Tstd:84.2,Bpos:193.1,Bstd:141.3,StrandBias:0.0,Multiplicity:1.31
0.001	0.001	0.001	0.997
0.001	0.001	0.900	0.098
0.997	0.001	0.001	0.001
0.001	0.997	0.001	0.001
0.001	0.001	0.997	0.001
0.001	0.200	0.001	0.798
>CGTCAT	2-CGTCAT	4.820090	-2069.631290	0	T:11075.0(67.45%),B:13239.7(42.56%),P:1e-898	Tpos:199.2,Tstd:107.6,Bpos:201.1,Bstd:132.9,StrandBias:-0.0,Multiplicity:1.27
0.299	0.506	0.094	0.101
0.001	0.093	0.903	0.003
0.151	0.122	0.094	0.633
0.001	0.997	0.001	0.001
0.728	0.001	0.101	0.170
0.147	0.244	0.173	0.436
>CGGAAG	3-CGGAAG	2.222167	-922.372041	0	T:8311.0(50.62%),B:10674.9(34.31%),P:1e-400	Tpos:201.5,Tstd:106.9,Bpos:197.8,Bstd:143.0,StrandBias:0.0,Multiplicity:1.75
0.001	0.997	0.001	0.001
0.001	0.001	0.997	0.001
0.001	0.001	0.968	0.030
0.997	0.001	0.001	0.001
0.997	0.001	0.001	0.001
0.200	0.129	0.595	0.076
>TGASTC	4-TGASTC	7.730042	-847.877256	0	T:4501.0(27.41%),B:4646.0(14.93%),P:1e-368	Tpos:199.0,Tstd:105.6,Bpos:199.4,Bstd:123.4,StrandBias:-0.0,Multiplicity:1.22
0.001	0.001	0.001	0.997
0.001	0.001	0.997	0.001
0.997	0.001	0.001	0.001
0.001	0.564	0.434	0.001
0.001	0.001	0.001	0.997
0.001	0.997	0.001	0.001
>TTRCGC	5-TTRCGC	4.844486	-605.297066	0	T:7596.0(46.26%),B:10326.5(33.19%),P:1e-262	Tpos:200.3,Tstd:109.8,Bpos:196.0,Bstd:143.0,StrandBias:-0.0,Multiplicity:1.29
0.078	0.148	0.057	0.717
0.172	0.001	0.001	0.826
0.520	0.001	0.478	0.001
0.001	0.997	0.001	0.001
0.056	0.001	0.790	0.153
0.113	0.668	0.001	0.218
>BAGTCG	6-BAGTCG	5.095997	-574.484124	0	T:10839.0(66.01%),B:16490.4(53.01%),P:1e-249	Tpos:201.7,Tstd:113.8,Bpos:200.3,Bstd:132.8,StrandBias:0.0,Multiplicity:1.31
0.003	0.374	0.364	0.259
0.997	0.001	0.001	0.001
0.001	0.001	0.985	0.013
0.106	0.006	0.001	0.887
0.001	0.812	0.004	0.183
0.326	0.004	0.669	0.001
>SWACGS	7-SWACGS	2.296917	-559.690305	0	T:10613.0(64.64%),B:16100.6(51.75%),P:1e-243	Tpos:198.7,Tstd:110.2,Bpos:200.6,Bstd:144.8,StrandBias:0.0,Multiplicity:1.44
0.010	0.289	0.429	0.271
0.571	0.001	0.001	0.427
0.997	0.001	0.001	0.001
0.001	0.997	0.001	0.001
0.001	0.001	0.997	0.001
0.001	0.429	0.295	0.275
>CATTCC	8-CATTCC	7.368797	-511.528373	0	T:6803.0(41.43%),B:9246.0(29.72%),P:1e-222	Tpos:200.7,Tstd:109.7,Bpos:199.5,Bstd:123.4,StrandBias:0.0,Multiplicity:1.40
0.393	0.605	0.001	0.001
0.997	0.001	0.001	0.001
0.001	0.001	0.001	0.997
0.001	0.001	0.001	0.997
0.001	0.997	0.001	0.001
0.001	0.997	0.001	0.001
>CYTATC	9-CYTATC	5.058899	-467.138029	0	T:7448.0(45.36%),B:10538.1(33.87%),P:1e-202	Tpos:199.6,Tstd:110.1,Bpos:198.7,Bstd:127.0,StrandBias:0.0,Multiplicity:1.33
0.001	0.681	0.152	0.166
0.001	0.310	0.239	0.450
0.335	0.001	0.155	0.509
0.847	0.001	0.001	0.151
0.012	0.001	0.001	0.986
0.001	0.844	0.001	0.154
>CGCWTT	10-CGCWTT	4.151057	-442.001912	0	T:11151.0(67.92%),B:17620.8(56.64%),P:1e-191	Tpos:201.5,Tstd:112.6,Bpos:197.2,Bstd:137.2,StrandBias:-0.0,Multiplicity:1.53
0.063	0.681	0.208	0.048
0.001	0.101	0.866	0.032
0.048	0.645	0.196	0.111
0.365	0.178	0.197	0.259
0.144	0.112	0.086	0.658
0.185	0.016	0.012	0.787
>GAATGC	11-GAATGC	5.613604	-365.370086	0	T:8641.0(52.63%),B:13126.0(42.19%),P:1e-158	Tpos:198.9,Tstd:114.3,Bpos:201.4,Bstd:125.0,StrandBias:0.0,Multiplicity:1.27
0.001	0.001	0.997	0.001
0.866	0.001	0.001	0.132
0.997	0.001	0.001	0.001
0.364	0.001	0.001	0.634
0.001	0.001	0.997	0.001
0.001	0.875	0.001	0.123
>GCCAAT	12-GCCAAT	6.177716	-362.011210	0	T:3058.0(18.62%),B:3564.6(11.46%),P:1e-157	Tpos:199.6,Tstd:103.2,Bpos:189.9,Bstd:124.1,StrandBias:0.1,Multiplicity:1.26
0.100	0.100	0.700	0.100
0.100	0.700	0.100	0.100
0.100	0.700	0.100	0.100
0.700	0.100	0.100	0.100
0.700	0.100	0.100	0.100
0.100	0.100	0.100	0.700
>TACCGB	13-TACCGB	2.224563	-330.582961	0	T:11535.0(70.25%),B:18879.5(60.69%),P:1e-143	Tpos:200.4,Tstd:113.4,Bpos:199.8,Bstd:144.5,StrandBias:-0.0,Multiplicity:1.35
0.021	0.001	0.001	0.977
0.961	0.001	0.001	0.037
0.011	0.680	0.007	0.302
0.001	0.976	0.022	0.001
0.001	0.003	0.995	0.001
0.179	0.362	0.213	0.246
>TAAACG	14-TAAACG	4.482542	-320.744128	0	T:9412.0(57.32%),B:14781.2(47.51%),P:1e-139	Tpos:201.0,Tstd:112.5,Bpos:200.2,Bstd:133.3,StrandBias:0.0,Multiplicity:1.63
0.072	0.125	0.097	0.706
0.844	0.001	0.001	0.154
0.822	0.176	0.001	0.001
0.559	0.192	0.211	0.038
0.001	0.891	0.107	0.001
0.180	0.217	0.500	0.103
>TCTGGC	15-TCTGGC	6.220175	-290.579927	0	T:9420.0(57.37%),B:14945.2(48.04%),P:1e-126	Tpos:198.8,Tstd:112.7,Bpos:198.7,Bstd:134.3,StrandBias:0.0,Multiplicity:1.46
0.001	0.001	0.001	0.997
0.001	0.641	0.001	0.357
0.001	0.348	0.001	0.650
0.001	0.001	0.997	0.001
0.001	0.001	0.997	0.001
0.001	0.997	0.001	0.001
>CCGWTT	16-CCGWTT	4.313573	-287.295890	0	T:9081.0(55.31%),B:14319.3(46.03%),P:1e-124	Tpos:199.7,Tstd:116.4,Bpos:201.1,Bstd:135.9,StrandBias:-0.0,Multiplicity:1.18
0.215	0.483	0.118	0.183
0.001	0.647	0.187	0.165
0.059	0.001	0.939	0.001
0.455	0.046	0.124	0.374
0.242	0.076	0.067	0.615
0.127	0.001	0.001	0.871
>GTTTGC	17-GTTTGC	5.321661	-281.421222	0	T:9753.0(59.40%),B:15628.8(50.24%),P:1e-122	Tpos:199.1,Tstd:114.4,Bpos:199.7,Bstd:130.3,StrandBias:-0.1,Multiplicity:1.25
0.157	0.001	0.841	0.001
0.001	0.001	0.001	0.997
0.001	0.001	0.001	0.997
0.001	0.091	0.001	0.907
0.137	0.203	0.659	0.001
0.001	0.997	0.001	0.001
>SRTAAA	18-SRTAAA	3.994497	-248.721131	0	T:11021.0(67.12%),B:18270.1(58.73%),P:1e-108	Tpos:200.4,Tstd:114.6,Bpos:198.1,Bstd:126.7,StrandBias:-0.0,Multiplicity:1.67
0.148	0.337	0.479	0.036
0.372	0.134	0.485	0.009
0.062	0.091	0.336	0.511
0.556	0.001	0.070	0.373
0.667	0.102	0.138	0.093
0.558	0.155	0.188	0.099
>TTGGMA	19-TTGGMA	6.498533	-245.499209	0	T:3682.0(22.43%),B:4930.2(15.85%),P:1e-106	Tpos:199.5,Tstd:110.4,Bpos:196.6,Bstd:120.1,StrandBias:-0.1,Multiplicity:1.07
0.070	0.174	0.148	0.608
0.004	0.001	0.001	0.994
0.037	0.081	0.881	0.001
0.060	0.163	0.603	0.174
0.416	0.546	0.001	0.037
0.925	0.001	0.073	0.001
>CGCCTT	20-CGCCTT	4.877412	-235.049405	0	T:7681.0(46.78%),B:11985.8(38.53%),P:1e-102	Tpos:198.4,Tstd:112.0,Bpos:197.6,Bstd:148.3,StrandBias:-0.0,Multiplicity:1.43
0.068	0.820	0.111	0.001
0.001	0.001	0.997	0.001
0.246	0.511	0.152	0.091
0.077	0.717	0.067	0.139
0.110	0.261	0.107	0.522
0.205	0.001	0.092	0.702
>RCCTTT	21-RCCTTT	4.712541	-197.666172	0	T:12146.0(73.98%),B:20810.0(66.89%),P:1e-85	Tpos:200.6,Tstd:116.0,Bpos:200.1,Bstd:126.1,StrandBias:-0.0,Multiplicity:1.58
0.299	0.262	0.438	0.001
0.001	0.997	0.001	0.001
0.001	0.997	0.001	0.001
0.001	0.105	0.038	0.856
0.001	0.001	0.001	0.997
0.001	0.001	0.001	0.997
>CAGGAA	22-CAGGAA	4.356323	-191.534606	0	T:10799.0(65.77%),B:18166.6(58.40%),P:1e-83	Tpos:198.0,Tstd:114.5,Bpos:199.0,Bstd:128.3,StrandBias:0.0,Multiplicity:1.42
0.001	0.997	0.001	0.001
0.741	0.001	0.238	0.020
0.001	0.001	0.997	0.001
0.018	0.001	0.980	0.001
0.980	0.018	0.001	0.001
0.997	0.001	0.001	0.001
>CATTGG	23-CATTGG	6.177716	-137.975150	0	T:2626.0(15.99%),B:3635.1(11.69%),P:1e-59	Tpos:195.9,Tstd:110.9,Bpos:195.6,Bstd:118.8,StrandBias:0.0,Multiplicity:1.07
0.100	0.700	0.100	0.100
0.700	0.100	0.100	0.100
0.100	0.100	0.100	0.700
0.100	0.100	0.100	0.700
0.100	0.100	0.700	0.100
0.100	0.100	0.700	0.100
>THGCGR	24-THGCGR	5.467792	-126.544680	0	T:2829.0(17.23%),B:4027.9(12.95%),P:1e-54	Tpos:202.4,Tstd:111.4,Bpos:201.5,Bstd:153.8,StrandBias:-0.0,Multiplicity:1.12
0.016	0.001	0.001	0.982
0.367	0.266	0.001	0.366
0.001	0.001	0.997	0.001
0.001	0.742	0.001	0.256
0.009	0.001	0.733	0.257
0.429	0.001	0.296	0.274
>TGACAT	25-TGACAT	7.819773	-78.885167	0	T:2918.0(17.77%),B:4451.8(14.31%),P:1e-34	Tpos:202.4,Tstd:107.6,Bpos:199.4,Bstd:121.9,StrandBias:-0.1,Multiplicity:1.19
0.001	0.001	0.001	0.997
0.001	0.001	0.997	0.001
0.766	0.001	0.001	0.232
0.001	0.997	0.001	0.001
0.997	0.001	0.001	0.001
0.001	0.195	0.001	0.803
>KGCGTMA	1-KGCGTMA	5.405861	-2268.221661	0	T:6420.0(39.10%),B:5275.0(16.96%),P:1e-985	Tpos:201.3,Tstd:98.2,Bpos:198.0,Bstd:145.4,StrandBias:0.0,Multiplicity:1.16
0.001	0.197	0.392	0.410
0.244	0.001	0.453	0.302
0.001	0.997	0.001	0.001
0.001	0.001	0.997	0.001
0.088	0.001	0.001	0.910
0.522	0.389	0.001	0.088
0.781	0.001	0.155	0.063
>TGACGTC	2-TGACGTC	5.262180	-2265.526937	0	T:3887.0(23.67%),B:2177.5(7.00%),P:1e-983	Tpos:203.9,Tstd:77.0,Bpos:186.4,Bstd:136.8,StrandBias:0.0,Multiplicity:1.14
0.001	0.001	0.001	0.997
0.001	0.001	0.915	0.083
0.997	0.001	0.001	0.001
0.001	0.997	0.001	0.001
0.001	0.001	0.997	0.001
0.001	0.001	0.001	0.997
0.144	0.624	0.120	0.112
>TGACTCA	3-TGACTCA	8.384079	-2179.472047	0	T:3714.0(22.62%),B:2060.7(6.62%),P:1e-946	Tpos:200.6,Tstd:94.3,Bpos:196.9,Bstd:125.0,StrandBias:0.0,Multiplicity:1.17
0.001	0.001	0.001	0.997
0.001	0.001	0.997	0.001
0.997	0.001	0.001	0.001
0.001	0.997	0.001	0.001
0.001	0.001	0.272	0.726
0.001	0.997	0.001	0.001
0.997	0.001	0.001	0.001
>TGAYRTC	4-TGAYRTC	7.287485	-791.429616	0	T:2278.0(13.87%),B:1721.6(5.53%),P:1e-343	Tpos:201.2,Tstd:98.1,Bpos:203.3,Bstd:122.3,StrandBias:0.1,Multiplicity:1.17
0.001	0.070	0.001	0.928
0.033	0.001	0.965	0.001
0.811	0.141	0.001	0.047
0.001	0.502	0.001	0.496
0.396	0.097	0.506	0.001
0.141	0.180	0.001	0.678
0.276	0.722	0.001	0.001
>GGAATGT	5-GGAATGT	7.088073	-746.720774	0	T:4599.0(28.01%),B:4997.5(16.06%),P:1e-324	Tpos:202.8,Tstd:106.8,Bpos:199.5,Bstd:123.8,StrandBias:-0.0,Multiplicity:1.23
0.001	0.001	0.997	0.001
0.001	0.001	0.997	0.001
0.997	0.001	0.001	0.001
0.997	0.001	0.001	0.001
0.001	0.001	0.001	0.997
0.001	0.001	0.700	0.298
0.001	0.249	0.001	0.749
>CGCCAAA	6-CGCCAAA	4.978183	-655.674524	0	T:7997.0(48.71%),B:10878.6(34.97%),P:1e-284	Tpos:199.6,Tstd:109.9,Bpos:196.4,Bstd:145.2,StrandBias:0.0,Multiplicity:1.46
0.001	0.919	0.001	0.079
0.001	0.001	0.997	0.001
0.001	0.689	0.132	0.178
0.004	0.541	0.321	0.134
0.623	0.246	0.001	0.130
0.529	0.001	0.229	0.241
0.916	0.001	0.001	0.082
>MTTCCGS	7-MTTCCGS	5.903581	-647.839244	0	T:6285.0(38.28%),B:7940.5(25.52%),P:1e-281	Tpos:202.3,Tstd:105.9,Bpos:198.0,Bstd:139.1,StrandBias:0.0,Multiplicity:1.62
0.358	0.268	0.205	0.169
0.001	0.001	0.001	0.997
0.029	0.001	0.001	0.969
0.189	0.695	0.115	0.001
0.001	0.997	0.001	0.001
0.227	0.001	0.771	0.001
0.040	0.445	0.298	0.218
>TTGCGTA	8-TTGCGTA	4.294670	-561.896516	0	T:8362.0(50.93%),B:11845.4(38.08%),P:1e-244	Tpos:198.8,Tstd:109.4,Bpos:196.1,Bstd:139.4,StrandBias:0.0,Multiplicity:1.34
0.085	0.231	0.092	0.592
0.169	0.082	0.017	0.732
0.127	0.100	0.699	0.074
0.004	0.962	0.011	0.023
0.094	0.061	0.822	0.023
0.170	0.242	0.068	0.520
0.675	0.181	0.038	0.106
>CCAATCG	9-CCAATCG	6.297373	-416.658323	0	T:3649.0(22.22%),B:4328.7(13.91%),P:1e-180	Tpos:199.1,Tstd:102.5,Bpos:187.7,Bstd:124.2,StrandBias:0.0,Multiplicity:1.39
0.014	0.959	0.026	0.001
0.001	0.972	0.013	0.014
0.978	0.001	0.001	0.020
0.997	0.001	0.001	0.001
0.017	0.027	0.001	0.955
0.060	0.815	0.124	0.001
0.308	0.113	0.578	0.001
>GCCGTTA	10-GCCGTTA	-0.276326	-382.399753	0	T:11737.0(71.48%),B:19051.2(61.24%),P:1e-166	Tpos:200.6,Tstd:113.0,Bpos:201.2,Bstd:137.4,StrandBias:-0.0,Multiplicity:1.55
0.001	0.001	0.997	0.001
0.001	0.997	0.001	0.001
0.047	0.949	0.003	0.001
0.001	0.001	0.997	0.001
0.001	0.001	0.001	0.997
0.001	0.001	0.001	0.997
0.948	0.001	0.001	0.050
>TTASTCA	11-TTASTCA	8.218170	-368.866864	0	T:1938.0(11.80%),B:1911.6(6.14%),P:1e-160	Tpos:198.8,Tstd:107.6,Bpos:197.5,Bstd:124.7,StrandBias:-0.0,Multiplicity:1.10
0.114	0.022	0.001	0.863
0.001	0.001	0.174	0.824
0.963	0.001	0.035	0.001
0.001	0.402	0.422	0.175
0.001	0.001	0.001	0.997
0.001	0.997	0.001	0.001
0.827	0.114	0.058	0.001
>GCGTTSY	12-GCGTTSY	2.538974	-368.858578	0	T:9845.0(59.96%),B:15384.5(49.45%),P:1e-160	Tpos:198.1,Tstd:112.7,Bpos:200.8,Bstd:132.7,StrandBias:-0.0,Multiplicity:1.21
0.001	0.001	0.997	0.001
0.001	0.997	0.001	0.001
0.005	0.001	0.945	0.049
0.001	0.001	0.001	0.997
0.001	0.001	0.001	0.997
0.001	0.494	0.481	0.023
0.036	0.445	0.013	0.506
>CGCGTTT	13-CGCGTTT	4.346175	-361.452650	0	T:8963.0(54.59%),B:13744.5(44.18%),P:1e-156	Tpos:201.2,Tstd:112.1,Bpos:199.5,Bstd:138.0,StrandBias:-0.0,Multiplicity:1.47
0.064	0.741	0.137	0.058
0.064	0.001	0.899	0.036
0.019	0.892	0.024	0.065
0.064	0.125	0.741	0.070
0.014	0.054	0.046	0.886
0.001	0.001	0.001	0.997
0.049	0.001	0.051	0.899
>GCGATAA	14-GCGATAA	4.484676	-346.031756	0	T:7248.0(44.14%),B:10662.4(34.27%),P:1e-150	Tpos:200.1,Tstd:110.2,Bpos:199.1,Bstd:130.5,StrandBias:0.0,Multiplicity:1.34
0.118	0.192	0.647	0.043
0.113	0.703	0.039	0.145
0.099	0.208	0.650	0.043
0.635	0.120	0.158	0.087
0.127	0.038	0.053	0.782
0.775	0.016	0.025	0.184
0.805	0.024	0.120	0.051
>ATAAACA	15-ATAAACA	8.573832	-319.680644	0	T:2784.0(16.96%),B:3260.3(10.48%),P:1e-138	Tpos:198.7,Tstd:106.7,Bpos:197.1,Bstd:126.4,StrandBias:-0.1,Multiplicity:1.16
0.615	0.001	0.383	0.001
0.001	0.001	0.001	0.997
0.997	0.001	0.001	0.001
0.997	0.001	0.001	0.001
0.997	0.001	0.001	0.001
0.001	0.997	0.001	0.001
0.856	0.057	0.001	0.086
>CGAAAGG	16-CGAAAGG	4.785160	-286.009069	0	T:7867.0(47.91%),B:12064.9(38.78%),P:1e-124	Tpos:199.9,Tstd:114.5,Bpos:200.3,Bstd:135.6,StrandBias:-0.0,Multiplicity:1.21
0.001	0.748	0.121	0.130
0.014	0.173	0.703	0.110
0.690	0.046	0.137	0.127
0.716	0.055	0.095	0.134
0.764	0.118	0.077	0.041
0.052	0.138	0.674	0.136
0.067	0.166	0.708	0.059
>YAAACCG	17-YAAACCG	5.162494	-257.814190	0	T:8072.0(49.16%),B:12585.3(40.46%),P:1e-111	Tpos:199.7,Tstd:115.5,Bpos:200.9,Bstd:129.0,StrandBias:0.0,Multiplicity:1.24
0.044	0.529	0.001	0.426
0.641	0.174	0.001	0.184
0.913	0.085	0.001	0.001
0.764	0.128	0.001	0.107
0.001	0.800	0.001	0.198
0.221	0.771	0.001	0.007
0.001	0.316	0.682	0.001
>TGAATCA	18-TGAATCA	7.686506	-247.555138	0	T:1247.0(7.59%),B:1199.5(3.86%),P:1e-107	Tpos:202.5,Tstd:106.5,Bpos:199.7,Bstd:123.7,StrandBias:0.1,Multiplicity:1.07
0.001	0.326	0.059	0.614
0.001	0.001	0.575	0.423
0.616	0.001	0.001	0.382
0.997	0.001	0.001	0.001
0.001	0.001	0.001	0.997
0.001	0.997	0.001	0.001
0.617	0.001	0.001	0.381
>TTTATGA	19-TTTATGA	5.373608	-233.012790	0	T:3036.0(18.49%),B:3925.0(12.62%),P:1e-101	Tpos:200.6,Tstd:111.0,Bpos:200.4,Bstd:126.5,StrandBias:0.1,Multiplicity:1.11
0.001	0.001	0.096	0.902
0.001	0.001	0.001	0.997
0.001	0.001	0.001	0.997
0.997	0.001	0.001	0.001
0.001	0.104	0.001	0.894
0.001	0.001	0.997	0.001
0.856	0.001	0.142	0.001
>CCCGCCC	20-CCCGCCC	8.009386	-231.894880	0	T:4841.0(29.48%),B:6941.0(22.31%),P:1e-100	Tpos:201.8,Tstd:114.1,Bpos:191.6,Bstd:140.9,StrandBias:0.0,Multiplicity:1.59
0.187	0.705	0.001	0.107
0.001	0.997	0.001	0.001
0.001	0.997	0.001	0.001
0.001	0.001	0.997	0.001
0.001	0.997	0.001	0.001
0.001	0.997	0.001	0.001
0.001	0.997	0.001	0.001
>TTACGTG	21-TTACGTG	6.126010	-216.945985	0	T:2331.0(14.20%),B:2864.6(9.21%),P:1e-94	Tpos:203.6,Tstd:109.2,Bpos:196.8,Bstd:134.1,StrandBias:-0.1,Multiplicity:1.08
0.001	0.130	0.001	0.868
0.185	0.224	0.001	0.590
0.507	0.188	0.206	0.099
0.118	0.880	0.001	0.001
0.001	0.001	0.997	0.001
0.001	0.001	0.171	0.827
0.092	0.001	0.717	0.190
>CGCTTTC	22-CGCTTTC	5.612641	-207.892338	0	T:6888.0(41.95%),B:10686.7(34.35%),P:1e-90	Tpos:200.5,Tstd:113.7,Bpos:200.9,Bstd:137.3,StrandBias:-0.0,Multiplicity:1.27
0.082	0.758	0.054	0.106
0.001	0.042	0.956	0.001
0.030	0.886	0.059	0.025
0.015	0.071	0.001	0.913
0.028	0.108	0.035	0.829
0.039	0.074	0.015	0.872
0.086	0.882	0.031	0.001
>TGCCAAG	23-TGCCAAG	7.384715	-190.104606	0	T:4289.0(26.12%),B:6189.8(19.90%),P:1e-82	Tpos:199.3,Tstd:111.4,Bpos:198.5,Bstd:119.2,StrandBias:0.1,Multiplicity:1.16
0.001	0.001	0.001	0.997
0.001	0.001	0.997	0.001
0.001	0.997	0.001	0.001
0.001	0.977	0.021	0.001
0.997	0.001	0.001	0.001
0.835	0.001	0.163	0.001
0.001	0.247	0.630	0.122
>CTAGTCG	24-CTAGTCG	2.540547	-142.453713	0	T:4058.0(24.72%),B:6039.0(19.41%),P:1e-61	Tpos:197.0,Tstd:112.1,Bpos:199.8,Bstd:134.3,StrandBias:0.0,Multiplicity:1.17
0.001	0.997	0.001	0.001
0.028	0.001	0.001	0.970
0.997	0.001	0.001	0.001
0.001	0.001	0.898	0.100
0.001	0.130	0.001	0.868
0.001	0.897	0.101	0.001
0.001	0.001	0.997	0.001
>AGATTCC	25-AGATTCC	7.207335	-52.674456	0	T:895.0(5.45%),B:1202.8(3.87%),P:1e-22	Tpos:201.7,Tstd:113.1,Bpos:192.9,Bstd:119.7,StrandBias:-0.1,Multiplicity:1.04
0.700	0.100	0.100	0.100
0.100	0.100	0.700	0.100
0.700	0.100	0.100	0.100
0.100	0.100	0.100	0.700
0.100	0.100	0.100	0.700
0.100	0.700	0.100	0.100
0.100	0.700	0.100	0.100
>GTGACGTC	1-GTGACGTC	6.621762	-2244.857388	0	T:3670.0(22.35%),B:1968.0(6.33%),P:1e-974	Tpos:203.9,Tstd:76.1,Bpos:186.8,Bstd:136.9,StrandBias:0.0,Multiplicity:1.13
0.208	0.210	0.425	0.156
0.068	0.045	0.013	0.874
0.040	0.025	0.737	0.198
0.969	0.001	0.029	0.001
0.001	0.958	0.001	0.040
0.036	0.001	0.962	0.001
0.075	0.068	0.011	0.846
0.234	0.445	0.170	0.151
>ATGACTCA	2-ATGACTCA	5.591937	-2032.656809	0	T:5422.0(33.02%),B:4210.9(13.54%),P:1e-882	Tpos:201.6,Tstd:99.0,Bpos:199.8,Bstd:123.9,StrandBias:0.0,Multiplicity:1.31
0.673	0.114	0.200	0.013
0.001	0.001	0.001	0.997
0.001	0.001	0.970	0.028
0.997	0.001	0.001	0.001
0.073	0.669	0.206	0.052
0.001	0.001	0.062	0.936
0.034	0.964	0.001	0.001
0.997	0.001	0.001	0.001
>TGGCGTCA	3-TGGCGTCA	6.539818	-1285.035614	0	T:4516.0(27.50%),B:3947.2(12.69%),P:1e-558	Tpos:206.0,Tstd:97.1,Bpos:200.0,Bstd:127.1,StrandBias:-0.0,Multiplicity:1.16
0.001	0.143	0.001	0.855
0.001	0.001	0.754	0.244
0.205	0.001	0.650	0.144
0.001	0.997	0.001	0.001
0.391	0.001	0.607	0.001
0.201	0.001	0.001	0.797
0.001	0.997	0.001	0.001
0.997	0.001	0.001	0.001
>TYGCGTAA	4-TYGCGTAA	4.476420	-1109.886322	0	T:7613.0(46.37%),B:9015.5(28.98%),P:1e-482	Tpos:201.2,Tstd:104.2,Bpos:198.1,Bstd:145.3,StrandBias:0.0,Multiplicity:1.32
0.275	0.137	0.126	0.462
0.191	0.359	0.118	0.332
0.090	0.272	0.485	0.153
0.025	0.928	0.001	0.046
0.001	0.041	0.894	0.064
0.133	0.071	0.263	0.533
0.600	0.247	0.071	0.082
0.766	0.075	0.067	0.092
>MATTCCGB	5-MATTCCGB	5.071038	-1037.871636	0	T:7692.0(46.85%),B:9314.3(29.94%),P:1e-450	Tpos:200.3,Tstd:106.5,Bpos:198.3,Bstd:131.3,StrandBias:0.0,Multiplicity:1.38
0.324	0.370	0.135	0.171
0.446	0.230	0.045	0.279
0.017	0.001	0.001	0.981
0.023	0.106	0.168	0.703
0.229	0.506	0.217	0.048
0.001	0.932	0.066	0.001
0.236	0.041	0.561	0.162
0.091	0.295	0.269	0.346
>TGNTTACG	6-TGNTTACG	4.588225	-938.875532	0	T:7471.0(45.50%),B:9176.3(29.50%),P:1e-407	Tpos:201.5,Tstd:107.9,Bpos:197.1,Bstd:142.4,StrandBias:-0.0,Multiplicity:1.22
0.138	0.086	0.189	0.587
0.175	0.152	0.440	0.232
0.202	0.181	0.315	0.301
0.001	0.343	0.035	0.621
0.237	0.001	0.142	0.620
0.703	0.170	0.102	0.025
0.001	0.967	0.031	0.001
0.120	0.001	0.878	0.001
>GCCAATCG	7-GCCAATCG	5.938555	-563.309091	0	T:4024.0(24.51%),B:4534.4(14.58%),P:1e-244	Tpos:201.1,Tstd:102.9,Bpos:191.2,Bstd:128.0,StrandBias:0.1,Multiplicity:1.37
0.166	0.058	0.682	0.094
0.021	0.873	0.085	0.021
0.035	0.862	0.053	0.050
0.847	0.025	0.061	0.067
0.888	0.027	0.033	0.052
0.150	0.076	0.013	0.761
0.094	0.559	0.217	0.130
0.353	0.071	0.529	0.047
>GAATTCCG	8-GAATTCCG	5.417540	-509.353761	0	T:5241.0(31.92%),B:6610.7(21.25%),P:1e-221	Tpos:202.6,Tstd:111.5,Bpos:201.3,Bstd:134.1,StrandBias:-0.0,Multiplicity:1.10
0.066	0.110	0.786	0.038
0.570	0.259	0.140	0.031
0.782	0.108	0.064	0.046
0.105	0.092	0.036	0.767
0.036	0.043	0.151	0.770
0.041	0.774	0.136	0.049
0.013	0.862	0.023	0.102
0.110	0.072	0.691	0.127
>AGGAATKT	9-AGGAATKT	7.114068	-473.107726	0	T:3910.0(23.81%),B:4583.3(14.73%),P:1e-205	Tpos:202.6,Tstd:108.5,Bpos:198.5,Bstd:122.5,StrandBias:-0.0,Multiplicity:1.16
0.713	0.064	0.127	0.096
0.080	0.098	0.821	0.001
0.001	0.001	0.997	0.001
0.863	0.135	0.001	0.001
0.903	0.001	0.051	0.045
0.001	0.026	0.002	0.971
0.001	0.139	0.489	0.371
0.001	0.001	0.039	0.959
>CGCCCTWT	10-CGCCCTWT	1.787882	-466.256604	0	T:7048.0(42.93%),B:9832.6(31.61%),P:1e-202	Tpos:199.2,Tstd:110.5,Bpos:197.1,Bstd:146.1,StrandBias:-0.0,Multiplicity:1.46
0.001	0.997	0.001	0.001
0.001	0.001	0.997	0.001
0.182	0.816	0.001	0.001
0.114	0.605	0.013	0.268
0.001	0.627	0.371	0.001
0.331	0.001	0.001	0.667
0.533	0.001	0.001	0.465
0.337	0.001	0.001	0.661
>MGGAARCG	11-MGGAARCG	5.038966	-440.281113	0	T:6856.0(41.76%),B:9589.4(30.82%),P:1e-191	Tpos:201.5,Tstd:112.1,Bpos:198.0,Bstd:141.9,StrandBias:-0.0,Multiplicity:1.21
0.306	0.416	0.109	0.170
0.131	0.059	0.586	0.224
0.206	0.174	0.553	0.067
0.786	0.057	0.090	0.067
0.847	0.001	0.001	0.151
0.358	0.164	0.338	0.141
0.093	0.647	0.084	0.176
0.031	0.054	0.914	0.001
>TAANCGCC	12-TAANCGCC	3.945130	-430.780065	0	T:9575.0(58.32%),B:14601.9(46.94%),P:1e-187	Tpos:199.0,Tstd:112.1,Bpos:199.4,Bstd:137.6,StrandBias:0.0,Multiplicity:1.41
0.198	0.237	0.167	0.398
0.577	0.025	0.020	0.378
0.598	0.102	0.074	0.226
0.298	0.291	0.228	0.183
0.141	0.542	0.099	0.218
0.031	0.126	0.819	0.024
0.042	0.579	0.277	0.102
0.177	0.484	0.192	0.147
>TNACKCGM	13-TNACKCGM	3.862782	-311.687940	0	T:6746.0(41.09%),B:9914.2(31.87%),P:1e-135	Tpos:197.7,Tstd:112.9,Bpos:201.0,Bstd:140.5,StrandBias:-0.0,Multiplicity:1.18
0.322	0.169	0.020	0.489
0.332	0.186	0.216	0.265
0.660	0.113	0.130	0.097
0.055	0.619	0.256	0.070
0.241	0.034	0.426	0.299
0.142	0.515	0.342	0.001
0.086	0.203	0.493	0.218
0.391	0.303	0.172	0.134
>GGCGGGGC	14-GGCGGGGC	6.203988	-308.278885	0	T:6015.0(36.63%),B:8638.3(27.77%),P:1e-133	Tpos:201.5,Tstd:114.3,Bpos:189.3,Bstd:140.5,StrandBias:-0.0,Multiplicity:1.62
0.001	0.001	0.997	0.001
0.001	0.001	0.997	0.001
0.001	0.881	0.001	0.117
0.001	0.001	0.997	0.001
0.001	0.001	0.893	0.105
0.001	0.001	0.951	0.047
0.221	0.001	0.752	0.026
0.058	0.867	0.001	0.074
>GCCATAAA	15-GCCATAAA	6.439426	-262.420736	0	T:3937.0(23.98%),B:5286.3(16.99%),P:1e-113	Tpos:197.2,Tstd:109.2,Bpos:200.4,Bstd:123.5,StrandBias:-0.0,Multiplicity:1.20
0.038	0.218	0.725	0.019
0.001	0.740	0.001	0.258
0.135	0.831	0.001	0.033
0.971	0.027	0.001	0.001
0.048	0.021	0.080	0.851
0.965	0.001	0.001	0.033
0.971	0.014	0.001	0.014
0.979	0.011	0.001	0.009
>CGCTATCT	16-CGCTATCT	5.190572	-213.261806	0	T:3745.0(22.81%),B:5164.7(16.60%),P:1e-92	Tpos:201.6,Tstd:112.9,Bpos:200.6,Bstd:142.0,StrandBias:0.0,Multiplicity:1.09
0.050	0.841	0.084	0.025
0.001	0.001	0.997	0.001
0.055	0.680	0.229	0.036
0.001	0.005	0.001	0.993
0.874	0.054	0.001	0.071
0.185	0.001	0.254	0.560
0.096	0.522	0.149	0.233
0.113	0.103	0.261	0.523
>GTTTATYT	17-GTTTATYT	6.389677	-194.800108	0	T:4498.0(27.40%),B:6525.7(20.98%),P:1e-84	Tpos:198.6,Tstd:109.9,Bpos:198.1,Bstd:125.5,StrandBias:0.1,Multiplicity:1.32
0.001	0.098	0.900	0.001
0.001	0.197	0.060	0.742
0.065	0.001	0.023	0.911
0.091	0.060	0.001	0.848
0.791	0.001	0.207	0.001
0.001	0.204	0.001	0.794
0.057	0.389	0.207	0.346
0.138	0.163	0.027	0.672
>GTTTGGCA	18-GTTTGGCA	6.611312	-186.318924	0	T:3096.0(18.86%),B:4201.1(13.50%),P:1e-80	Tpos:201.0,Tstd:111.0,Bpos:197.5,Bstd:122.5,StrandBias:0.0,Multiplicity:1.11
0.172	0.141	0.535	0.152
0.001	0.148	0.018	0.833
0.039	0.034	0.001	0.926
0.035	0.010	0.001	0.954
0.001	0.012	0.922	0.065
0.017	0.025	0.957	0.001
0.028	0.936	0.023	0.013
0.951	0.020	0.028	0.001
>GTTTGCTY	19-GTTTGCTY	6.068928	-167.817481	0	T:7282.0(44.35%),B:11646.7(37.44%),P:1e-72	Tpos:199.1,Tstd:114.1,Bpos:199.6,Bstd:126.9,StrandBias:0.0,Multiplicity:1.28
0.001	0.001	0.997	0.001
0.173	0.313	0.047	0.468
0.003	0.041	0.045	0.911
0.001	0.001	0.340	0.658
0.220	0.303	0.477	0.001
0.001	0.939	0.059	0.001
0.218	0.255	0.057	0.470
0.001	0.470	0.087	0.442
>TCTTATCT	20-TCTTATCT	7.217806	-166.818926	0	T:1420.0(8.65%),B:1627.6(5.23%),P:1e-72	Tpos:202.7,Tstd:104.9,Bpos:202.4,Bstd:120.5,StrandBias:0.1,Multiplicity:1.09
0.084	0.179	0.001	0.736
0.001	0.855	0.143	0.001
0.001	0.001	0.001	0.997
0.001	0.001	0.001	0.997
0.997	0.001	0.001	0.001
0.001	0.001	0.001	0.997
0.001	0.997	0.001	0.001
0.138	0.001	0.046	0.815
>CCTAAGGG	21-CCTAAGGG	6.412405	-157.972866	0	T:3886.0(23.67%),B:5659.2(18.19%),P:1e-68	Tpos:198.3,Tstd:110.9,Bpos:199.3,Bstd:129.2,StrandBias:-0.0,Multiplicity:1.13
0.062	0.936	0.001	0.001
0.001	0.963	0.001	0.035
0.034	0.001	0.093	0.872
0.645	0.202	0.072	0.081
0.927	0.013	0.035	0.025
0.031	0.038	0.918	0.013
0.034	0.001	0.964	0.001
0.020	0.121	0.829	0.030
>TGACCTTT	22-TGACCTTT	7.990383	-143.942009	0	T:1788.0(10.89%),B:2260.2(7.27%),P:1e-62	Tpos:200.9,Tstd:109.5,Bpos:195.0,Bstd:122.8,StrandBias:0.0,Multiplicity:1.07
0.001	0.001	0.001	0.997
0.099	0.001	0.899	0.001
0.812	0.186	0.001	0.001
0.001	0.997	0.001	0.001
0.001	0.992	0.006	0.001
0.001	0.001	0.001	0.997
0.126	0.098	0.001	0.775
0.081	0.001	0.001	0.917
>TTGTGCAA	23-TTGTGCAA	8.675851	-143.864241	0	T:1139.0(6.94%),B:1275.4(4.10%),P:1e-62	Tpos:197.3,Tstd:107.2,Bpos:198.3,Bstd:125.0,StrandBias:-0.0,Multiplicity:1.05
0.001	0.001	0.001	0.997
0.001	0.001	0.001	0.997
0.229	0.001	0.769	0.001
0.145	0.001	0.001	0.853
0.001	0.001	0.997	0.001
0.001	0.814	0.001	0.184
0.997	0.001	0.001	0.001
0.997	0.001	0.001	0.001
>CACGTAAG	24-CACGTAAG	4.078409	-140.829028	0	T:1139.0(6.94%),B:1283.3(4.13%),P:1e-61	Tpos:203.5,Tstd:105.5,Bpos:191.5,Bstd:132.9,StrandBias:0.1,Multiplicity:1.07
0.001	0.997	0.001	0.001
0.997	0.001	0.001	0.001
0.001	0.997	0.001	0.001
0.001	0.001	0.997	0.001
0.001	0.001	0.001	0.997
0.923	0.001	0.008	0.068
0.991	0.001	0.007	0.001
0.001	0.182	0.816	0.001
>TCTCGCGA	25-TCTCGCGA	9.434567	-74.619337	0	T:206.0(1.25%),B:149.9(0.48%),P:1e-32	Tpos:205.1,Tstd:100.3,Bpos:190.9,Bstd:115.0,StrandBias:0.0,Multiplicity:1.10
0.001	0.001	0.001	0.997
0.195	0.803	0.001	0.001
0.001	0.001	0.001	0.997
0.001	0.997	0.001	0.001
0.001	0.001	0.997	0.001
0.001	0.997	0.001	0.001
0.001	0.001	0.997	0.001
0.997	0.001	0.001	0.001
Mis_redirected¢DtypeEvalueôIhttp_code¢DtypeEvalueÈQdownload_complete¢DtypeEvalueõ