¦Ifinal_url¡DtypeLhttp_headers¢DtypeEvalue†¢Ak¢DtypeEvalueNContent-LengthAv¢DtypeEvalueD8942¢Ak¢DtypeEvalueMAccept-RangesAv¢DtypeEvalueEbytes¢Ak¢DtypeEvalueFServerAv¢DtypeEvalueX4Apache/2.4.6 (CentOS) OpenSSL/1.0.2k-fips SVN/1.7.14¢Ak¢DtypeEvalueMLast-ModifiedAv¢DtypeEvalueXThu, 08 Sep 2016 06:17:16 GMT¢Ak¢DtypeEvalueDETagAv¢DtypeEvalueT"22ee-53bf8fb3ea8e0"¢Ak¢DtypeEvalueDDateAv¢DtypeEvalueXThu, 07 Feb 2019 14:23:12 GMTKraw_content¢DtypeEvalueY"î>ATGACGTA	1-ATGACGTA	6.139268	-181.841577	0	T:2382.0(50.83%),B:14741.1(36.49%),P:1e-78	Tpos:969.6,Tstd:416.4,Bpos:1005.5,Bstd:578.7,StrandBias:0.0,Multiplicity:1.44
0.516	0.149	0.334	0.001
0.001	0.060	0.001	0.938
0.071	0.001	0.656	0.272
0.997	0.001	0.001	0.001
0.001	0.997	0.001	0.001
0.001	0.001	0.997	0.001
0.001	0.193	0.001	0.805
0.460	0.281	0.001	0.258
>CCGGAAGT	2-CCGGAAGT	7.279975	-141.232934	0	T:2198.0(46.91%),B:13909.6(34.44%),P:1e-61	Tpos:1008.5,Tstd:344.8,Bpos:1030.4,Bstd:463.7,StrandBias:-0.0,Multiplicity:1.51
0.047	0.769	0.183	0.001
0.001	0.997	0.001	0.001
0.001	0.001	0.997	0.001
0.001	0.001	0.997	0.001
0.963	0.001	0.001	0.035
0.997	0.001	0.001	0.001
0.041	0.081	0.877	0.001
0.122	0.139	0.001	0.738
>ACGTCACG	3-ACGTCACG	6.866004	-111.734029	0	T:1632.0(34.83%),B:9941.5(24.61%),P:1e-48	Tpos:1030.3,Tstd:436.0,Bpos:1073.8,Bstd:558.0,StrandBias:-0.1,Multiplicity:1.14
0.779	0.145	0.034	0.042
0.001	0.958	0.001	0.040
0.001	0.109	0.819	0.071
0.040	0.044	0.001	0.915
0.024	0.895	0.080	0.001
0.793	0.134	0.042	0.031
0.001	0.946	0.038	0.015
0.001	0.057	0.893	0.049
>CCAATCGG	4-CCAATCGG	6.630493	-80.890120	0	T:2057.0(43.90%),B:13965.5(34.57%),P:1e-35	Tpos:962.0,Tstd:405.0,Bpos:970.4,Bstd:529.8,StrandBias:-0.0,Multiplicity:1.55
0.015	0.907	0.039	0.039
0.032	0.954	0.001	0.013
0.983	0.001	0.001	0.015
0.975	0.001	0.001	0.023
0.042	0.001	0.001	0.956
0.123	0.733	0.120	0.024
0.201	0.061	0.737	0.001
0.074	0.044	0.855	0.027
>SARCCAAT	5-SARCCAAT	3.866395	-71.771064	0	T:1796.0(38.33%),B:12054.4(29.84%),P:1e-31	Tpos:973.0,Tstd:458.7,Bpos:974.9,Bstd:549.9,StrandBias:-0.1,Multiplicity:1.23
0.001	0.482	0.516	0.001
0.936	0.003	0.060	0.001
0.478	0.001	0.520	0.001
0.001	0.997	0.001	0.001
0.001	0.997	0.001	0.001
0.997	0.001	0.001	0.001
0.997	0.001	0.001	0.001
0.001	0.001	0.001	0.997
>ATATGGCG	6-ATATGGCG	5.482878	-64.349163	0	T:2825.0(60.29%),B:20922.6(51.80%),P:1e-27	Tpos:1041.9,Tstd:465.4,Bpos:1044.6,Bstd:587.2,StrandBias:0.3,Multiplicity:1.53
0.708	0.159	0.085	0.048
0.086	0.063	0.059	0.792
0.563	0.001	0.111	0.325
0.186	0.070	0.105	0.639
0.127	0.143	0.729	0.001
0.129	0.176	0.567	0.128
0.001	0.997	0.001	0.001
0.001	0.001	0.997	0.001
>CGTAATCG	7-CGTAATCG	5.682871	-61.492305	0	T:1606.0(34.27%),B:10777.5(26.68%),P:1e-26	Tpos:1082.7,Tstd:481.2,Bpos:1089.6,Bstd:600.1,StrandBias:-0.1,Multiplicity:1.21
0.099	0.823	0.077	0.001
0.024	0.096	0.879	0.001
0.049	0.072	0.001	0.878
0.887	0.111	0.001	0.001
0.892	0.001	0.106	0.001
0.070	0.026	0.101	0.803
0.032	0.877	0.090	0.001
0.022	0.001	0.976	0.001
>TTMCGCTT	8-TTMCGCTT	2.540280	-60.643831	0	T:2619.0(55.89%),B:19235.3(47.62%),P:1e-26	Tpos:1034.8,Tstd:525.6,Bpos:1036.4,Bstd:652.0,StrandBias:0.1,Multiplicity:1.43
0.001	0.001	0.001	0.997
0.401	0.001	0.001	0.597
0.438	0.517	0.044	0.001
0.001	0.997	0.001	0.001
0.001	0.001	0.997	0.001
0.001	0.573	0.380	0.046
0.001	0.001	0.001	0.997
0.001	0.001	0.001	0.997
>GGCGGGGC	9-GGCGGGGC	6.291044	-59.944748	0	T:4533.0(96.73%),B:37554.7(92.97%),P:1e-26	Tpos:1071.5,Tstd:415.2,Bpos:1071.8,Bstd:523.9,StrandBias:0.2,Multiplicity:6.81
0.100	0.100	0.700	0.100
0.100	0.100	0.700	0.100
0.100	0.700	0.100	0.100
0.100	0.100	0.700	0.100
0.100	0.100	0.700	0.100
0.100	0.100	0.700	0.100
0.100	0.100	0.700	0.100
0.100	0.700	0.100	0.100
>TTCCGTCG	10-TTCCGTCG	6.619506	-58.269705	0	T:1730.0(36.92%),B:11858.5(29.36%),P:1e-25	Tpos:1049.4,Tstd:446.0,Bpos:1068.5,Bstd:565.5,StrandBias:0.2,Multiplicity:1.22
0.021	0.044	0.022	0.913
0.027	0.086	0.001	0.886
0.001	0.951	0.047	0.001
0.001	0.860	0.138	0.001
0.001	0.096	0.902	0.001
0.035	0.001	0.134	0.830
0.090	0.870	0.001	0.039
0.001	0.071	0.871	0.057
>CCGMCTAT	11-CCGMCTAT	6.041388	-57.731719	0	T:2258.0(48.19%),B:16239.9(40.21%),P:1e-25	Tpos:1045.1,Tstd:503.0,Bpos:1042.0,Bstd:626.0,StrandBias:0.0,Multiplicity:1.24
0.086	0.631	0.138	0.145
0.127	0.779	0.093	0.001
0.001	0.088	0.910	0.001
0.327	0.406	0.195	0.072
0.001	0.918	0.001	0.080
0.299	0.066	0.012	0.623
0.772	0.013	0.001	0.214
0.397	0.001	0.001	0.601
>AAKTYCCG	12-AAKTYCCG	4.371403	-57.166291	0	T:2650.0(56.55%),B:19605.5(48.54%),P:1e-24	Tpos:1059.7,Tstd:484.9,Bpos:1053.3,Bstd:598.4,StrandBias:-0.1,Multiplicity:1.35
0.951	0.017	0.001	0.031
0.997	0.001	0.001	0.001
0.001	0.001	0.516	0.482
0.069	0.001	0.001	0.929
0.001	0.482	0.001	0.516
0.001	0.707	0.291	0.001
0.001	0.993	0.005	0.001
0.001	0.001	0.997	0.001
>GTACGACG	13-GTACGACG	5.184436	-50.143254	0	T:2171.0(46.33%),B:15733.3(38.95%),P:1e-21	Tpos:1080.3,Tstd:506.1,Bpos:1053.5,Bstd:636.1,StrandBias:0.0,Multiplicity:1.28
0.104	0.129	0.666	0.101
0.131	0.087	0.043	0.739
0.740	0.082	0.068	0.110
0.136	0.725	0.050	0.089
0.083	0.058	0.746	0.113
0.809	0.050	0.074	0.067
0.135	0.743	0.080	0.042
0.104	0.036	0.837	0.023
>ACTACGCC	14-ACTACGCC	6.825383	-49.479080	0	T:1712.0(36.53%),B:11954.1(29.59%),P:1e-21	Tpos:1042.5,Tstd:471.1,Bpos:1042.1,Bstd:582.9,StrandBias:-0.2,Multiplicity:1.24
0.905	0.046	0.001	0.048
0.040	0.958	0.001	0.001
0.133	0.103	0.001	0.763
0.844	0.154	0.001	0.001
0.037	0.879	0.034	0.050
0.073	0.067	0.859	0.001
0.035	0.893	0.071	0.001
0.001	0.894	0.048	0.057
>TTCGMCAT	15-TTCGMCAT	3.874815	-47.180969	0	T:2615.0(55.80%),B:19614.3(48.56%),P:1e-20	Tpos:1050.8,Tstd:524.9,Bpos:1049.2,Bstd:643.6,StrandBias:0.1,Multiplicity:1.33
0.104	0.004	0.001	0.891
0.001	0.035	0.001	0.963
0.001	0.997	0.001	0.001
0.001	0.001	0.997	0.001
0.430	0.294	0.006	0.270
0.001	0.818	0.004	0.177
0.899	0.001	0.001	0.099
0.002	0.001	0.001	0.996
>CGTTATCG	16-CGTTATCG	5.252835	-45.134718	0	T:2456.0(52.41%),B:18313.6(45.34%),P:1e-19	Tpos:1053.9,Tstd:504.5,Bpos:1056.5,Bstd:629.1,StrandBias:0.1,Multiplicity:1.35
0.045	0.839	0.001	0.115
0.054	0.001	0.891	0.054
0.001	0.001	0.050	0.948
0.001	0.001	0.038	0.960
0.800	0.126	0.073	0.001
0.001	0.104	0.093	0.802
0.080	0.870	0.001	0.049
0.001	0.028	0.909	0.062
>TCGCGTTA	17-TCGCGTTA	6.033261	-43.892760	0	T:1494.0(31.88%),B:10351.0(25.63%),P:1e-19	Tpos:1043.1,Tstd:477.4,Bpos:1053.7,Bstd:604.6,StrandBias:0.0,Multiplicity:1.26
0.001	0.031	0.022	0.946
0.097	0.815	0.047	0.041
0.001	0.032	0.944	0.023
0.034	0.964	0.001	0.001
0.057	0.060	0.805	0.078
0.092	0.036	0.092	0.780
0.001	0.134	0.035	0.830
0.914	0.037	0.001	0.048
>GATTGGCG	18-GATTGGCG	7.486764	-42.934169	0	T:1363.0(29.09%),B:9329.6(23.10%),P:1e-18	Tpos:1033.8,Tstd:496.3,Bpos:1005.8,Bstd:610.1,StrandBias:0.5,Multiplicity:1.10
0.001	0.001	0.997	0.001
0.965	0.001	0.033	0.001
0.001	0.057	0.040	0.902
0.001	0.102	0.047	0.850
0.023	0.001	0.975	0.001
0.146	0.001	0.777	0.076
0.001	0.918	0.001	0.080
0.093	0.162	0.609	0.136
>ACGCCGTT	19-ACGCCGTT	6.711685	-42.038306	0	T:1564.0(33.38%),B:10972.0(27.16%),P:1e-18	Tpos:1046.9,Tstd:469.3,Bpos:1056.8,Bstd:603.3,StrandBias:0.0,Multiplicity:1.18
0.891	0.001	0.107	0.001
0.001	0.936	0.001	0.062
0.001	0.070	0.888	0.041
0.001	0.956	0.042	0.001
0.064	0.810	0.095	0.031
0.059	0.001	0.830	0.110
0.001	0.031	0.034	0.934
0.044	0.054	0.052	0.850
>TAAGAACG	20-TAAGAACG	6.633946	-40.228031	0	T:1262.0(26.93%),B:8603.7(21.30%),P:1e-17	Tpos:1070.3,Tstd:555.1,Bpos:1056.9,Bstd:685.6,StrandBias:-0.3,Multiplicity:1.18
0.096	0.158	0.095	0.651
0.899	0.053	0.023	0.025
0.922	0.045	0.001	0.032
0.053	0.048	0.873	0.026
0.885	0.028	0.042	0.045
0.882	0.001	0.038	0.079
0.001	0.997	0.001	0.001
0.030	0.057	0.912	0.001
>CGTACGAA	21-CGTACGAA	4.771015	-40.145508	0	T:2784.0(59.41%),B:21325.6(52.80%),P:1e-17	Tpos:1048.9,Tstd:525.8,Bpos:1033.3,Bstd:647.9,StrandBias:-0.1,Multiplicity:1.41
0.086	0.778	0.042	0.094
0.088	0.077	0.746	0.089
0.128	0.045	0.023	0.804
0.723	0.089	0.047	0.141
0.095	0.720	0.090	0.095
0.074	0.107	0.732	0.087
0.733	0.072	0.112	0.083
0.768	0.049	0.079	0.104
>GTAGTTCG	22-GTAGTTCG	5.155348	-34.841348	0	T:2168.0(46.27%),B:16226.6(40.17%),P:1e-15	Tpos:1031.0,Tstd:524.5,Bpos:1034.6,Bstd:646.1,StrandBias:0.1,Multiplicity:1.39
0.069	0.097	0.742	0.092
0.117	0.056	0.046	0.781
0.715	0.077	0.100	0.108
0.082	0.113	0.738	0.067
0.085	0.070	0.051	0.794
0.131	0.111	0.051	0.707
0.069	0.739	0.077	0.115
0.029	0.134	0.787	0.050
>CGTAGTCT	23-CGTAGTCT	7.114745	-34.143862	0	T:1161.0(24.78%),B:7981.7(19.76%),P:1e-14	Tpos:1021.6,Tstd:518.9,Bpos:1037.2,Bstd:628.2,StrandBias:-0.0,Multiplicity:1.13
0.085	0.811	0.069	0.035
0.033	0.086	0.848	0.033
0.001	0.079	0.032	0.888
0.907	0.091	0.001	0.001
0.001	0.029	0.969	0.001
0.041	0.084	0.066	0.809
0.001	0.921	0.077	0.001
0.019	0.054	0.001	0.926
>CGACGCTA	24-CGACGCTA	7.379104	-33.006051	0	T:840.0(17.93%),B:5505.3(13.63%),P:1e-14	Tpos:1061.7,Tstd:442.8,Bpos:1030.0,Bstd:575.7,StrandBias:-0.1,Multiplicity:1.08
0.050	0.889	0.060	0.001
0.001	0.001	0.911	0.087
0.962	0.001	0.036	0.001
0.057	0.757	0.122	0.064
0.018	0.001	0.900	0.081
0.112	0.886	0.001	0.001
0.001	0.033	0.062	0.904
0.852	0.044	0.058	0.046
>TTCGGCTA	25-TTCGGCTA	5.209672	-27.388694	0	T:820.0(17.50%),B:5506.4(13.63%),P:1e-11	Tpos:1078.0,Tstd:454.6,Bpos:1086.0,Bstd:585.8,StrandBias:0.3,Multiplicity:1.08
0.001	0.001	0.002	0.996
0.001	0.001	0.001	0.997
0.001	0.997	0.001	0.001
0.001	0.001	0.997	0.001
0.215	0.001	0.783	0.001
0.001	0.997	0.001	0.001
0.001	0.048	0.001	0.950
0.723	0.001	0.275	0.001
Mis_redirected¢DtypeEvalueôIhttp_code¢DtypeEvalueÈQdownload_complete¢DtypeEvalueõ