¦Ifinal_url¡DtypeLhttp_headers¢DtypeEvalue†¢Ak¢DtypeEvalueNContent-LengthAv¢DtypeEvalueC481¢Ak¢DtypeEvalueMAccept-RangesAv¢DtypeEvalueEbytes¢Ak¢DtypeEvalueFServerAv¢DtypeEvalueX4Apache/2.4.6 (CentOS) OpenSSL/1.0.2k-fips SVN/1.7.14¢Ak¢DtypeEvalueMLast-ModifiedAv¢DtypeEvalueXThu, 08 Sep 2016 06:16:19 GMT¢Ak¢DtypeEvalueDETagAv¢DtypeEvalueS"1e1-53bf8f7dadb09"¢Ak¢DtypeEvalueDDateAv¢DtypeEvalueXThu, 07 Feb 2019 14:49:25 GMTKraw_content¢DtypeEvalueYá>GTCACGCTCSCTGM	PAX5(Paired,Homeobox),condensed/GM12878-PAX5-ChIP-Seq(GSE32465)/Homer	8.480103	-17.934087	0	T:421.0(2.56%),B:603.7(1.94%),P:1e-7
0.001	0.009	0.971	0.019
0.024	0.055	0.001	0.920
0.001	0.979	0.001	0.019
0.978	0.001	0.014	0.007
0.014	0.803	0.010	0.173
0.194	0.050	0.755	0.001
0.001	0.590	0.408	0.001
0.149	0.171	0.024	0.656
0.062	0.534	0.178	0.226
0.128	0.368	0.345	0.159
0.157	0.477	0.256	0.109
0.005	0.033	0.031	0.931
0.005	0.033	0.938	0.024
0.448	0.384	0.166	0.001
Mis_redirected¢DtypeEvalueôIhttp_code¢DtypeEvalueÈQdownload_complete¢DtypeEvalueõ