¦Ifinal_url¡DtypeLhttp_headers¢DtypeEvalue†¢Ak¢DtypeEvalueNContent-LengthAv¢DtypeEvalueC613¢Ak¢DtypeEvalueMAccept-RangesAv¢DtypeEvalueEbytes¢Ak¢DtypeEvalueFServerAv¢DtypeEvalueX4Apache/2.4.6 (CentOS) OpenSSL/1.0.2k-fips SVN/1.7.14¢Ak¢DtypeEvalueMLast-ModifiedAv¢DtypeEvalueXFri, 09 Sep 2016 17:57:47 GMT¢Ak¢DtypeEvalueDETagAv¢DtypeEvalueS"265-53c16e24dd7c3"¢Ak¢DtypeEvalueDDateAv¢DtypeEvalueXThu, 07 Feb 2019 12:24:09 GMTKraw_content¢DtypeEvalueYe>NRAACCRGTTYRAACCRGYT	Tcfcp2l1(CP2)/mES-Tcfcp2l1-ChIP-Seq(GSE11431)/Homer	8.040869	-21.837577	0	T:766.0(2.90%),B:588.8(2.31%),P:1e-9
0.268	0.295	0.264	0.173
0.423	0.157	0.294	0.126
0.578	0.053	0.277	0.092
0.469	0.047	0.304	0.180
0.001	0.965	0.033	0.001
0.096	0.596	0.001	0.307
0.418	0.001	0.494	0.087
0.003	0.019	0.977	0.001
0.187	0.315	0.023	0.474
0.077	0.285	0.053	0.585
0.178	0.363	0.152	0.306
0.362	0.179	0.305	0.154
0.627	0.053	0.251	0.069
0.494	0.019	0.298	0.189
0.001	0.978	0.020	0.001
0.070	0.619	0.001	0.310
0.411	0.001	0.475	0.114
0.001	0.015	0.983	0.001
0.189	0.324	0.043	0.444
0.113	0.296	0.048	0.543
Mis_redirected¢DtypeEvalueôIhttp_code¢DtypeEvalueÈQdownload_complete¢DtypeEvalueõ