¦Ifinal_url¡DtypeLhttp_headers¢DtypeEvalue†¢Ak¢DtypeEvalueNContent-LengthAv¢DtypeEvalueD8226¢Ak¢DtypeEvalueMAccept-RangesAv¢DtypeEvalueEbytes¢Ak¢DtypeEvalueFServerAv¢DtypeEvalueX4Apache/2.4.6 (CentOS) OpenSSL/1.0.2k-fips SVN/1.7.14¢Ak¢DtypeEvalueMLast-ModifiedAv¢DtypeEvalueXFri, 09 Sep 2016 17:57:10 GMT¢Ak¢DtypeEvalueDETagAv¢DtypeEvalueT"2022-53c16e021f0bb"¢Ak¢DtypeEvalueDDateAv¢DtypeEvalueXThu, 07 Feb 2019 11:27:54 GMTKraw_content¢DtypeEvalueY ">CTTACGK	1-CTTACGK	6.563883	-76.650287	0	T:3946.0(59.62%),B:19616.2(51.59%),P:1e-33	Tpos:1022.1,Tstd:459.9,Bpos:1042.2,Bstd:582.2,StrandBias:0.0,Multiplicity:1.67
0.276	0.428	0.135	0.160
0.140	0.001	0.001	0.858
0.001	0.001	0.001	0.997
0.693	0.305	0.001	0.001
0.001	0.997	0.001	0.001
0.001	0.001	0.997	0.001
0.001	0.001	0.459	0.539
>TTTCGKC	2-TTTCGKC	6.678072	-58.488329	0	T:3730.0(56.35%),B:18767.3(49.36%),P:1e-25	Tpos:1048.6,Tstd:462.0,Bpos:1057.9,Bstd:608.4,StrandBias:0.2,Multiplicity:1.39
0.001	0.001	0.003	0.995
0.061	0.001	0.222	0.716
0.119	0.174	0.227	0.480
0.001	0.822	0.176	0.001
0.001	0.001	0.997	0.001
0.004	0.001	0.572	0.423
0.004	0.976	0.001	0.019
>GGGCGGG	3-GGGCGGG	7.207335	-52.545938	0	T:5235.0(79.09%),B:27911.7(73.40%),P:1e-22	Tpos:1039.9,Tstd:403.2,Bpos:1034.0,Bstd:547.0,StrandBias:0.3,Multiplicity:2.55
0.100	0.100	0.700	0.100
0.100	0.100	0.700	0.100
0.100	0.100	0.700	0.100
0.100	0.700	0.100	0.100
0.100	0.100	0.700	0.100
0.100	0.100	0.700	0.100
0.100	0.100	0.700	0.100
>TAGTTCG	4-TAGTTCG	5.868078	-44.867946	0	T:3369.0(50.90%),B:17043.0(44.82%),P:1e-19	Tpos:1046.7,Tstd:528.8,Bpos:1032.0,Bstd:656.7,StrandBias:0.1,Multiplicity:1.43
0.063	0.073	0.001	0.863
0.770	0.099	0.130	0.001
0.001	0.086	0.852	0.061
0.001	0.053	0.086	0.860
0.042	0.090	0.001	0.867
0.001	0.997	0.001	0.001
0.001	0.166	0.832	0.001
>TTGGCGT	5-TTGGCGT	2.913885	-40.765308	0	T:4114.0(62.15%),B:21466.5(56.45%),P:1e-17	Tpos:1065.2,Tstd:430.0,Bpos:1066.6,Bstd:581.6,StrandBias:0.4,Multiplicity:1.62
0.131	0.001	0.001	0.867
0.001	0.001	0.001	0.997
0.001	0.013	0.985	0.001
0.001	0.001	0.997	0.001
0.001	0.997	0.001	0.001
0.001	0.001	0.997	0.001
0.001	0.001	0.101	0.897
>TACGACG	6-TACGACG	5.576933	-40.222394	0	T:3231.0(48.81%),B:16386.5(43.09%),P:1e-17	Tpos:1073.6,Tstd:475.3,Bpos:1070.3,Bstd:628.7,StrandBias:0.2,Multiplicity:1.42
0.052	0.001	0.095	0.852
0.872	0.001	0.054	0.073
0.001	0.954	0.044	0.001
0.001	0.087	0.911	0.001
0.684	0.159	0.100	0.057
0.060	0.818	0.092	0.030
0.001	0.001	0.968	0.030
>CCATTGG	7-CCATTGG	6.501141	-33.407234	0	T:3040.0(45.93%),B:15508.0(40.78%),P:1e-14	Tpos:964.2,Tstd:487.2,Bpos:967.3,Bstd:593.0,StrandBias:-0.1,Multiplicity:1.45
0.001	0.840	0.001	0.158
0.001	0.590	0.139	0.270
0.997	0.001	0.001	0.001
0.001	0.001	0.001	0.997
0.083	0.001	0.001	0.915
0.001	0.001	0.997	0.001
0.001	0.001	0.997	0.001
>TACGGTT	8-TACGGTT	5.810540	-33.153832	0	T:3257.0(49.21%),B:16747.3(44.04%),P:1e-14	Tpos:1019.0,Tstd:587.7,Bpos:1016.2,Bstd:698.8,StrandBias:0.2,Multiplicity:1.41
0.001	0.001	0.067	0.931
0.905	0.093	0.001	0.001
0.172	0.661	0.101	0.066
0.001	0.054	0.944	0.001
0.050	0.047	0.795	0.108
0.045	0.045	0.045	0.865
0.029	0.001	0.074	0.896
>CTCGCGA	9-CTCGCGA	4.736166	-31.787773	0	T:3535.0(53.41%),B:18382.3(48.34%),P:1e-13	Tpos:1061.9,Tstd:467.5,Bpos:1043.6,Bstd:614.4,StrandBias:0.0,Multiplicity:1.48
0.112	0.648	0.239	0.001
0.001	0.001	0.001	0.997
0.060	0.884	0.001	0.055
0.001	0.001	0.930	0.068
0.084	0.914	0.001	0.001
0.001	0.001	0.905	0.093
0.997	0.001	0.001	0.001
>ACSGCCG	10-ACSGCCG	6.071800	-31.182767	0	T:4230.0(63.91%),B:22440.5(59.02%),P:1e-13	Tpos:1097.8,Tstd:435.6,Bpos:1083.5,Bstd:592.2,StrandBias:-0.2,Multiplicity:1.66
0.902	0.001	0.001	0.096
0.001	0.997	0.001	0.001
0.001	0.471	0.527	0.001
0.413	0.001	0.585	0.001
0.001	0.997	0.001	0.001
0.001	0.997	0.001	0.001
0.001	0.001	0.902	0.096
>ACCGAWT	11-ACCGAWT	5.764397	-30.036536	0	T:3130.0(47.29%),B:16126.6(42.41%),P:1e-13	Tpos:1041.2,Tstd:547.1,Bpos:1054.0,Bstd:673.5,StrandBias:-0.0,Multiplicity:1.38
0.732	0.001	0.197	0.070
0.001	0.844	0.001	0.154
0.001	0.596	0.402	0.001
0.001	0.001	0.997	0.001
0.609	0.001	0.389	0.001
0.495	0.001	0.001	0.503
0.196	0.173	0.001	0.630
>AGACTAC	12-AGACTAC	7.033350	-28.402628	0	T:2230.0(33.69%),B:11136.9(29.29%),P:1e-12	Tpos:998.2,Tstd:590.1,Bpos:987.3,Bstd:682.9,StrandBias:-0.1,Multiplicity:1.26
0.714	0.035	0.250	0.001
0.327	0.128	0.544	0.001
0.744	0.251	0.004	0.001
0.001	0.721	0.001	0.277
0.001	0.001	0.001	0.997
0.988	0.001	0.010	0.001
0.035	0.963	0.001	0.001
>ATCGGAG	13-ATCGGAG	6.494756	-26.551549	0	T:2144.0(32.39%),B:10720.8(28.19%),P:1e-11	Tpos:1083.0,Tstd:525.0,Bpos:1068.7,Bstd:661.8,StrandBias:0.0,Multiplicity:1.16
0.622	0.097	0.150	0.131
0.326	0.001	0.005	0.668
0.001	0.997	0.001	0.001
0.135	0.001	0.863	0.001
0.001	0.001	0.997	0.001
0.731	0.006	0.001	0.262
0.231	0.155	0.609	0.005
>TYMATCG	14-TYMATCG	5.447897	-26.402502	0	T:3150.0(47.59%),B:16365.2(43.04%),P:1e-11	Tpos:1052.4,Tstd:560.4,Bpos:1061.4,Bstd:687.2,StrandBias:-0.1,Multiplicity:1.36
0.347	0.001	0.001	0.651
0.001	0.483	0.001	0.515
0.453	0.545	0.001	0.001
0.894	0.001	0.066	0.039
0.112	0.001	0.039	0.848
0.001	0.997	0.001	0.001
0.001	0.001	0.997	0.001
>AAGCGTT	15-AAGCGTT	4.232071	-25.724598	0	T:3924.0(59.28%),B:20841.2(54.81%),P:1e-11	Tpos:1059.4,Tstd:509.8,Bpos:1054.2,Bstd:653.4,StrandBias:0.2,Multiplicity:1.48
0.927	0.016	0.001	0.056
0.489	0.271	0.076	0.164
0.001	0.001	0.997	0.001
0.001	0.997	0.001	0.001
0.001	0.001	0.997	0.001
0.001	0.001	0.016	0.982
0.002	0.001	0.001	0.996
>GCGGAAG	16-GCGGAAG	7.334428	-24.918252	0	T:3179.0(48.03%),B:16584.7(43.62%),P:1e-10	Tpos:1052.7,Tstd:422.5,Bpos:1045.7,Bstd:571.7,StrandBias:0.1,Multiplicity:1.39
0.001	0.001	0.997	0.001
0.001	0.997	0.001	0.001
0.001	0.118	0.880	0.001
0.213	0.001	0.785	0.001
0.844	0.001	0.001	0.154
0.997	0.001	0.001	0.001
0.001	0.111	0.887	0.001
>GTCGTCG	17-GTCGTCG	6.396162	-19.906756	0	T:2706.0(40.88%),B:14097.3(37.07%),P:1e-8	Tpos:1092.3,Tstd:483.9,Bpos:1090.3,Bstd:628.5,StrandBias:0.2,Multiplicity:1.28
0.022	0.001	0.976	0.001
0.007	0.110	0.001	0.882
0.201	0.544	0.126	0.129
0.095	0.003	0.643	0.259
0.332	0.023	0.001	0.644
0.001	0.917	0.006	0.076
0.001	0.002	0.991	0.006
>AGGCGGG	18-AGGCGGG	7.207335	-19.599993	0	T:3600.0(54.39%),B:19207.7(50.51%),P:1e-8	Tpos:1050.6,Tstd:427.3,Bpos:1048.3,Bstd:561.0,StrandBias:0.1,Multiplicity:1.56
0.700	0.100	0.100	0.100
0.100	0.100	0.700	0.100
0.100	0.100	0.700	0.100
0.100	0.700	0.100	0.100
0.100	0.100	0.700	0.100
0.100	0.100	0.700	0.100
0.100	0.100	0.700	0.100
>ACCGCGA	19-ACCGCGA	6.953155	-19.339429	0	T:3360.0(50.76%),B:17839.9(46.92%),P:1e-8	Tpos:1073.2,Tstd:475.8,Bpos:1074.4,Bstd:608.7,StrandBias:0.0,Multiplicity:1.38
0.944	0.001	0.054	0.001
0.001	0.730	0.259	0.010
0.055	0.943	0.001	0.001
0.013	0.001	0.985	0.001
0.001	0.591	0.001	0.407
0.001	0.001	0.944	0.054
0.732	0.001	0.001	0.266
>GTTCGAC	20-GTTCGAC	8.001004	-18.148172	0	T:699.0(10.56%),B:3198.2(8.41%),P:1e-7	Tpos:1063.3,Tstd:535.4,Bpos:1043.3,Bstd:681.2,StrandBias:0.5,Multiplicity:1.05
0.002	0.051	0.601	0.346
0.001	0.001	0.020	0.978
0.339	0.047	0.002	0.612
0.001	0.997	0.001	0.001
0.001	0.001	0.971	0.027
0.997	0.001	0.001	0.001
0.002	0.947	0.014	0.037
>MCCDATY	21-MCCDATY	6.109312	-17.749886	0	T:2658.0(40.16%),B:13916.1(36.60%),P:1e-7	Tpos:974.6,Tstd:591.7,Bpos:989.2,Bstd:702.8,StrandBias:-0.2,Multiplicity:1.35
0.425	0.288	0.122	0.165
0.001	0.997	0.001	0.001
0.001	0.588	0.410	0.001
0.388	0.001	0.304	0.307
0.997	0.001	0.001	0.001
0.001	0.143	0.109	0.747
0.001	0.435	0.001	0.563
>CCGYTGA	22-CCGYTGA	6.057938	-17.699384	0	T:4017.0(60.69%),B:21704.5(57.08%),P:1e-7	Tpos:1085.7,Tstd:462.5,Bpos:1066.2,Bstd:603.6,StrandBias:-0.1,Multiplicity:1.54
0.001	0.867	0.001	0.131
0.001	0.869	0.124	0.006
0.033	0.001	0.905	0.061
0.210	0.448	0.001	0.341
0.001	0.131	0.001	0.867
0.001	0.001	0.654	0.344
0.997	0.001	0.001	0.001
>CCGGGCC	23-CCGGGCC	7.207335	-12.316271	0	T:3837.0(57.97%),B:20923.0(55.02%),P:1e-5	Tpos:1112.1,Tstd:423.8,Bpos:1099.8,Bstd:586.2,StrandBias:-0.0,Multiplicity:1.86
0.100	0.700	0.100	0.100
0.100	0.700	0.100	0.100
0.100	0.100	0.700	0.100
0.100	0.100	0.700	0.100
0.100	0.100	0.700	0.100
0.100	0.700	0.100	0.100
0.100	0.700	0.100	0.100
>GGAGTGG	24-GGAGTGG	5.261425	-3.776590	0	T:6598.0(99.68%),B:37833.3(99.50%),P:1e-1	Tpos:1070.2,Tstd:520.6,Bpos:1058.9,Bstd:628.7,StrandBias:0.3,Multiplicity:9.02
0.100	0.100	0.700	0.100
0.100	0.100	0.700	0.100
0.700	0.100	0.100	0.100
0.100	0.100	0.700	0.100
0.100	0.100	0.100	0.700
0.100	0.100	0.700	0.100
0.100	0.100	0.700	0.100
>NNNNNNN	25-NNNNNNN	-nan	0.000000	0	T:0.0(0.00%),B:0.0(0.00%),P:1e0	Tpos:0.0,Tstd:0.0,Bpos:0.0,Bstd:0.0,StrandBias:0.0,Multiplicity:1.00
-nan	-nan	-nan	-nan
-nan	-nan	-nan	-nan
-nan	-nan	-nan	-nan
-nan	-nan	-nan	-nan
-nan	-nan	-nan	-nan
-nan	-nan	-nan	-nan
-nan	-nan	-nan	-nan
Mis_redirected¢DtypeEvalueôIhttp_code¢DtypeEvalueÈQdownload_complete¢DtypeEvalueõ