¦Ifinal_url¡DtypeLhttp_headers¢DtypeEvalue†¢Ak¢DtypeEvalueNContent-LengthAv¢DtypeEvalueC509¢Ak¢DtypeEvalueMAccept-RangesAv¢DtypeEvalueEbytes¢Ak¢DtypeEvalueFServerAv¢DtypeEvalueX4Apache/2.4.6 (CentOS) OpenSSL/1.0.2k-fips SVN/1.7.14¢Ak¢DtypeEvalueMLast-ModifiedAv¢DtypeEvalueXFri, 09 Sep 2016 17:57:46 GMT¢Ak¢DtypeEvalueDETagAv¢DtypeEvalueS"1fd-53c16e247b95e"¢Ak¢DtypeEvalueDDateAv¢DtypeEvalueXThu, 07 Feb 2019 12:24:17 GMTKraw_content¢DtypeEvalueYý>CYTGGCABNSTGCCAR	NF1(CTF)/LNCAP-NF1-ChIP-Seq(Unpublished)/Homer	7.598341	-7.445141	0	T:2101.0(7.95%),B:1893.2(7.42%),P:1e-3
0.113	0.473	0.201	0.213
0.067	0.426	0.038	0.470
0.056	0.003	0.158	0.783
0.001	0.001	0.995	0.003
0.019	0.004	0.963	0.014
0.164	0.782	0.043	0.011
0.506	0.186	0.033	0.275
0.179	0.356	0.257	0.208
0.262	0.222	0.211	0.304
0.180	0.271	0.352	0.197
0.264	0.029	0.194	0.513
0.008	0.053	0.784	0.155
0.016	0.960	0.005	0.019
0.005	0.993	0.001	0.001
0.784	0.155	0.003	0.058
0.442	0.064	0.421	0.073
Mis_redirected¢DtypeEvalueôIhttp_code¢DtypeEvalueÈQdownload_complete¢DtypeEvalueõ