¦Ifinal_url¡DtypeLhttp_headers¢DtypeEvalue†¢Ak¢DtypeEvalueNContent-LengthAv¢DtypeEvalueC385¢Ak¢DtypeEvalueMAccept-RangesAv¢DtypeEvalueEbytes¢Ak¢DtypeEvalueFServerAv¢DtypeEvalueX4Apache/2.4.6 (CentOS) OpenSSL/1.0.2k-fips SVN/1.7.14¢Ak¢DtypeEvalueMLast-ModifiedAv¢DtypeEvalueXFri, 09 Sep 2016 17:57:47 GMT¢Ak¢DtypeEvalueDETagAv¢DtypeEvalueS"181-53c16e25676c6"¢Ak¢DtypeEvalueDDateAv¢DtypeEvalueXThu, 07 Feb 2019 12:24:05 GMTKraw_content¢DtypeEvalueY>ACTACAATTCCC	GFY(?)/Promoter/Homer	9.377840	-116.136761	0	T:708.0(2.68%),B:369.4(1.45%),P:1e-50
0.770	0.102	0.068	0.060
0.043	0.874	0.047	0.036
0.078	0.124	0.048	0.750
0.659	0.158	0.113	0.070
0.064	0.852	0.049	0.035
0.778	0.110	0.074	0.038
0.629	0.117	0.122	0.132
0.075	0.176	0.121	0.628
0.039	0.095	0.073	0.793
0.041	0.843	0.043	0.073
0.026	0.918	0.027	0.029
0.052	0.874	0.026	0.048
Mis_redirected¢DtypeEvalueôIhttp_code¢DtypeEvalueÈQdownload_complete¢DtypeEvalueõ