¦Ifinal_url¡DtypeLhttp_headers¢DtypeEvalue†¢Ak¢DtypeEvalueNContent-LengthAv¢DtypeEvalueC489¢Ak¢DtypeEvalueMAccept-RangesAv¢DtypeEvalueEbytes¢Ak¢DtypeEvalueFServerAv¢DtypeEvalueX4Apache/2.4.6 (CentOS) OpenSSL/1.0.2k-fips SVN/1.7.14¢Ak¢DtypeEvalueMLast-ModifiedAv¢DtypeEvalueXFri, 09 Sep 2016 17:57:46 GMT¢Ak¢DtypeEvalueDETagAv¢DtypeEvalueS"1e9-53c16e242bc06"¢Ak¢DtypeEvalueDDateAv¢DtypeEvalueXThu, 07 Feb 2019 12:28:17 GMTKraw_content¢DtypeEvalueYé>ARGAGGMCAAAATGW	ZNF675(Zf)/HEK293-ZNF675.GFP-ChIP-Seq(GSE58341)/Homer	8.912868	-5.857953	0	T:507.0(1.92%),B:432.6(1.70%),P:1e-2
0.416	0.238	0.178	0.168
0.406	0.030	0.514	0.050
0.059	0.020	0.901	0.020
0.604	0.001	0.277	0.118
0.079	0.001	0.831	0.089
0.020	0.020	0.811	0.149
0.505	0.386	0.099	0.010
0.089	0.633	0.030	0.248
0.812	0.109	0.010	0.069
0.584	0.208	0.178	0.030
0.989	0.009	0.001	0.001
0.979	0.019	0.001	0.001
0.049	0.267	0.049	0.635
0.029	0.001	0.960	0.010
0.287	0.168	0.149	0.396
Mis_redirected¢DtypeEvalueôIhttp_code¢DtypeEvalueÈQdownload_complete¢DtypeEvalueõ