¦Ifinal_url¡DtypeLhttp_headers¢DtypeEvalue†¢Ak¢DtypeEvalueNContent-LengthAv¢DtypeEvalueE33523¢Ak¢DtypeEvalueMAccept-RangesAv¢DtypeEvalueEbytes¢Ak¢DtypeEvalueFServerAv¢DtypeEvalueX4Apache/2.4.6 (CentOS) OpenSSL/1.0.2k-fips SVN/1.7.14¢Ak¢DtypeEvalueMLast-ModifiedAv¢DtypeEvalueXFri, 09 Sep 2016 17:57:45 GMT¢Ak¢DtypeEvalueDETagAv¢DtypeEvalueT"82f3-53c16e22dc8d2"¢Ak¢DtypeEvalueDDateAv¢DtypeEvalueXThu, 07 Feb 2019 12:26:07 GMTKraw_content¢DtypeEvalueY‚ó>AACG	1-AACG	4.118477	-273.483973	0	T:15619.0(59.12%),B:13265.7(52.01%),P:1e-118	Tpos:199.5,Tstd:113.5,Bpos:200.7,Bstd:138.0,StrandBias:0.0,Multiplicity:1.75
0.700	0.100	0.100	0.100
0.700	0.100	0.100	0.100
0.100	0.700	0.100	0.100
0.100	0.100	0.700	0.100
>TWCG	2-TWCG	4.724232	-184.809946	0	T:19495.0(73.79%),B:17456.8(68.45%),P:1e-80	Tpos:199.5,Tstd:113.3,Bpos:200.6,Bstd:136.9,StrandBias:-0.0,Multiplicity:2.12
0.001	0.001	0.001	0.997
0.554	0.001	0.001	0.444
0.001	0.997	0.001	0.001
0.001	0.001	0.997	0.001
>ACGT	3-ACGT	4.118477	-183.245494	0	T:10952.0(41.46%),B:9133.9(35.81%),P:1e-79	Tpos:199.3,Tstd:117.0,Bpos:196.7,Bstd:128.8,StrandBias:0.0,Multiplicity:1.20
0.700	0.100	0.100	0.100
0.100	0.700	0.100	0.100
0.100	0.100	0.700	0.100
0.100	0.100	0.100	0.700
>CGCA	4-CGCA	4.118477	-176.911083	0	T:18858.0(71.38%),B:16842.7(66.04%),P:1e-76	Tpos:199.7,Tstd:114.3,Bpos:199.8,Bstd:134.9,StrandBias:-0.0,Multiplicity:2.95
0.100	0.700	0.100	0.100
0.100	0.100	0.700	0.100
0.100	0.700	0.100	0.100
0.700	0.100	0.100	0.100
>CTTA	5-CTTA	4.118477	-175.395505	0	T:19771.0(74.84%),B:17774.6(69.69%),P:1e-76	Tpos:201.1,Tstd:114.9,Bpos:199.3,Bstd:126.2,StrandBias:-0.0,Multiplicity:2.39
0.100	0.700	0.100	0.100
0.100	0.100	0.100	0.700
0.100	0.100	0.100	0.700
0.700	0.100	0.100	0.100
>CTAG	6-CTAG	4.118477	-126.057345	0	T:16326.0(61.80%),B:14552.4(57.06%),P:1e-54	Tpos:199.9,Tstd:114.0,Bpos:199.3,Bstd:125.1,StrandBias:0.0,Multiplicity:1.63
0.100	0.700	0.100	0.100
0.100	0.100	0.100	0.700
0.700	0.100	0.100	0.100
0.100	0.100	0.700	0.100
>CGGA	7-CGGA	4.118477	-121.168517	0	T:19184.0(72.62%),B:17415.4(68.28%),P:1e-52	Tpos:200.2,Tstd:113.3,Bpos:200.6,Bstd:135.4,StrandBias:0.0,Multiplicity:3.41
0.100	0.700	0.100	0.100
0.100	0.100	0.700	0.100
0.100	0.100	0.700	0.100
0.700	0.100	0.100	0.100
>CCTA	8-CCTA	4.118477	-109.995477	0	T:21841.0(82.67%),B:20175.9(79.11%),P:1e-47	Tpos:200.3,Tstd:115.8,Bpos:199.9,Bstd:123.0,StrandBias:-0.0,Multiplicity:1.76
0.100	0.700	0.100	0.100
0.100	0.700	0.100	0.100
0.100	0.100	0.100	0.700
0.700	0.100	0.100	0.100
>AGTC	9-AGTC	4.118477	-107.730584	0	T:24251.0(91.80%),B:22734.6(89.14%),P:1e-46	Tpos:200.2,Tstd:114.2,Bpos:200.6,Bstd:123.6,StrandBias:-0.0,Multiplicity:2.32
0.700	0.100	0.100	0.100
0.100	0.100	0.700	0.100
0.100	0.100	0.100	0.700
0.100	0.700	0.100	0.100
>CGGT	10-CGGT	4.118477	-102.141100	0	T:17743.0(67.16%),B:16074.2(63.03%),P:1e-44	Tpos:200.0,Tstd:112.6,Bpos:201.2,Bstd:137.0,StrandBias:0.0,Multiplicity:2.07
0.100	0.700	0.100	0.100
0.100	0.100	0.700	0.100
0.100	0.100	0.700	0.100
0.100	0.100	0.100	0.700
>CGGAA	1-CGGAA	5.061553	-569.323274	0	T:12204.0(46.20%),B:9207.8(36.10%),P:1e-247	Tpos:198.9,Tstd:112.8,Bpos:198.1,Bstd:132.8,StrandBias:0.0,Multiplicity:1.66
0.001	0.997	0.001	0.001
0.001	0.001	0.997	0.001
0.001	0.001	0.842	0.156
0.997	0.001	0.001	0.001
0.997	0.001	0.001	0.001
>AAACG	2-AAACG	4.601262	-388.400857	0	T:13108.0(49.62%),B:10497.5(41.16%),P:1e-168	Tpos:200.6,Tstd:113.3,Bpos:199.9,Bstd:138.4,StrandBias:-0.0,Multiplicity:1.53
0.738	0.001	0.104	0.157
0.943	0.001	0.001	0.055
0.661	0.257	0.001	0.081
0.001	0.997	0.001	0.001
0.001	0.001	0.997	0.001
>CGATA	3-CGATA	1.787279	-248.601872	0	T:10773.0(40.78%),B:8731.7(34.24%),P:1e-107	Tpos:200.8,Tstd:113.3,Bpos:203.7,Bstd:135.0,StrandBias:0.0,Multiplicity:1.29
0.001	0.997	0.001	0.001
0.001	0.001	0.997	0.001
0.981	0.017	0.001	0.001
0.006	0.001	0.001	0.992
0.997	0.001	0.001	0.001
>GCGTA	4-GCGTA	4.788871	-219.488025	0	T:14680.0(55.57%),B:12544.0(49.18%),P:1e-95	Tpos:200.3,Tstd:112.6,Bpos:200.1,Bstd:138.8,StrandBias:0.0,Multiplicity:1.59
0.001	0.289	0.709	0.001
0.001	0.994	0.004	0.001
0.004	0.001	0.994	0.001
0.380	0.001	0.001	0.618
0.665	0.001	0.001	0.333
>TGACG	5-TGACG	5.148096	-205.920019	0	T:7019.0(26.57%),B:5448.9(21.36%),P:1e-89	Tpos:198.8,Tstd:116.3,Bpos:195.6,Bstd:129.2,StrandBias:-0.0,Multiplicity:1.31
0.100	0.100	0.100	0.700
0.100	0.100	0.700	0.100
0.700	0.100	0.100	0.100
0.100	0.700	0.100	0.100
0.100	0.100	0.700	0.100
>TTTCC	6-TTTCC	5.148096	-200.720363	0	T:18425.0(69.74%),B:16312.4(63.96%),P:1e-87	Tpos:200.6,Tstd:115.4,Bpos:198.7,Bstd:125.1,StrandBias:0.0,Multiplicity:1.48
0.100	0.100	0.100	0.700
0.100	0.100	0.100	0.700
0.100	0.100	0.100	0.700
0.100	0.700	0.100	0.100
0.100	0.700	0.100	0.100
>GGAAT	7-GGAAT	5.878166	-192.170721	0	T:19897.0(75.32%),B:17838.5(69.94%),P:1e-83	Tpos:200.7,Tstd:114.6,Bpos:198.8,Bstd:122.2,StrandBias:0.0,Multiplicity:1.57
0.001	0.001	0.997	0.001
0.001	0.001	0.997	0.001
0.997	0.001	0.001	0.001
0.997	0.001	0.001	0.001
0.001	0.353	0.001	0.645
>AACGT	8-AACGT	0.011697	-183.245494	0	T:10952.0(41.46%),B:9133.9(35.81%),P:1e-79	Tpos:199.7,Tstd:114.9,Bpos:199.9,Bstd:131.8,StrandBias:0.0,Multiplicity:1.19
0.922	0.007	0.001	0.070
0.997	0.001	0.001	0.001
0.001	0.997	0.001	0.001
0.001	0.001	0.997	0.001
0.001	0.001	0.001	0.997
>CGCAT	9-CGCAT	-0.238901	-181.177094	0	T:21829.0(82.63%),B:19882.6(77.96%),P:1e-78	Tpos:199.8,Tstd:114.0,Bpos:200.4,Bstd:134.2,StrandBias:-0.0,Multiplicity:3.12
0.001	0.997	0.001	0.001
0.001	0.001	0.997	0.001
0.001	0.776	0.164	0.059
0.997	0.001	0.001	0.001
0.376	0.001	0.001	0.622
>CGACT	10-CGACT	5.795523	-180.764285	0	T:9316.0(35.26%),B:7621.6(29.88%),P:1e-78	Tpos:200.0,Tstd:112.4,Bpos:201.4,Bstd:135.4,StrandBias:0.1,Multiplicity:1.34
0.001	0.997	0.001	0.001
0.001	0.001	0.997	0.001
0.997	0.001	0.001	0.001
0.325	0.520	0.001	0.154
0.001	0.001	0.001	0.997
>GCTTT	11-GCTTT	5.148096	-179.381759	0	T:15023.0(56.87%),B:13036.4(51.11%),P:1e-77	Tpos:200.2,Tstd:113.3,Bpos:200.0,Bstd:125.8,StrandBias:-0.0,Multiplicity:1.55
0.100	0.100	0.700	0.100
0.100	0.700	0.100	0.100
0.100	0.100	0.100	0.700
0.100	0.100	0.100	0.700
0.100	0.100	0.100	0.700
>CCAAT	12-CCAAT	5.458435	-163.784089	0	T:12875.0(48.74%),B:11033.3(43.26%),P:1e-71	Tpos:200.7,Tstd:119.2,Bpos:196.0,Bstd:122.8,StrandBias:-0.0,Multiplicity:1.44
0.001	0.997	0.001	0.001
0.001	0.997	0.001	0.001
0.766	0.001	0.232	0.001
0.997	0.001	0.001	0.001
0.001	0.001	0.001	0.997
>CCGTT	13-CCGTT	3.553221	-146.795801	0	T:19123.0(72.39%),B:17236.2(67.58%),P:1e-63	Tpos:199.3,Tstd:115.9,Bpos:198.3,Bstd:123.8,StrandBias:-0.0,Multiplicity:1.46
0.001	0.997	0.001	0.001
0.001	0.963	0.035	0.001
0.001	0.037	0.961	0.001
0.001	0.001	0.001	0.997
0.001	0.001	0.035	0.963
>CCTTT	14-CCTTT	5.148096	-143.276397	0	T:16714.0(63.27%),B:14851.8(58.23%),P:1e-62	Tpos:200.4,Tstd:115.1,Bpos:199.1,Bstd:124.5,StrandBias:0.0,Multiplicity:1.68
0.100	0.700	0.100	0.100
0.100	0.700	0.100	0.100
0.100	0.100	0.100	0.700
0.100	0.100	0.100	0.700
0.100	0.100	0.100	0.700
>CCGAA	15-CCGAA	5.434802	-141.024543	0	T:18881.0(71.47%),B:17018.3(66.73%),P:1e-61	Tpos:200.7,Tstd:113.8,Bpos:199.5,Bstd:125.9,StrandBias:-0.0,Multiplicity:1.55
0.076	0.922	0.001	0.001
0.001	0.701	0.001	0.297
0.001	0.001	0.848	0.150
0.967	0.031	0.001	0.001
0.997	0.001	0.001	0.001
>CRGTC	16-CRGTC	6.080123	-138.345164	0	T:18202.0(68.90%),B:16350.7(64.11%),P:1e-60	Tpos:200.1,Tstd:113.1,Bpos:200.6,Bstd:129.5,StrandBias:0.0,Multiplicity:1.43
0.001	0.997	0.001	0.001
0.566	0.001	0.432	0.001
0.001	0.001	0.997	0.001
0.001	0.001	0.001	0.997
0.001	0.997	0.001	0.001
>AACTG	17-AACTG	5.148096	-122.723985	0	T:13323.0(50.43%),B:11653.9(45.69%),P:1e-53	Tpos:199.4,Tstd:114.4,Bpos:199.9,Bstd:124.0,StrandBias:-0.0,Multiplicity:1.46
0.700	0.100	0.100	0.100
0.700	0.100	0.100	0.100
0.100	0.700	0.100	0.100
0.100	0.100	0.100	0.700
0.100	0.100	0.700	0.100
>CTAGT	18-CTAGT	4.355868	-120.777596	0	T:22043.0(83.44%),B:20338.9(79.75%),P:1e-52	Tpos:199.6,Tstd:113.7,Bpos:199.5,Bstd:122.5,StrandBias:0.0,Multiplicity:1.78
0.001	0.997	0.001	0.001
0.001	0.161	0.001	0.837
0.997	0.001	0.001	0.001
0.001	0.001	0.997	0.001
0.153	0.262	0.108	0.477
>GCCTA	19-GCCTA	4.926732	-119.176015	0	T:19400.0(73.43%),B:17642.5(69.17%),P:1e-51	Tpos:200.7,Tstd:115.2,Bpos:200.0,Bstd:123.2,StrandBias:-0.0,Multiplicity:1.88
0.145	0.195	0.659	0.001
0.001	0.997	0.001	0.001
0.001	0.697	0.001	0.301
0.001	0.001	0.001	0.997
0.997	0.001	0.001	0.001
>TTAAC	20-TTAAC	3.975744	-118.829192	0	T:12165.0(46.05%),B:10565.5(41.43%),P:1e-51	Tpos:199.5,Tstd:115.9,Bpos:199.4,Bstd:125.7,StrandBias:-0.0,Multiplicity:1.37
0.001	0.001	0.059	0.939
0.001	0.001	0.056	0.942
0.997	0.001	0.001	0.001
0.997	0.001	0.001	0.001
0.001	0.942	0.056	0.001
>CCTAA	21-CCTAA	4.231231	-110.941499	0	T:15243.0(57.70%),B:13571.2(53.21%),P:1e-48	Tpos:200.5,Tstd:115.6,Bpos:199.6,Bstd:124.5,StrandBias:-0.0,Multiplicity:1.34
0.001	0.925	0.073	0.001
0.001	0.997	0.001	0.001
0.001	0.001	0.001	0.997
0.919	0.001	0.001	0.079
0.925	0.073	0.001	0.001
>CGGTA	22-CGGTA	5.127352	-97.100187	0	T:17268.0(65.36%),B:15632.8(61.29%),P:1e-42	Tpos:201.1,Tstd:113.7,Bpos:201.6,Bstd:125.8,StrandBias:0.0,Multiplicity:1.44
0.001	0.753	0.245	0.001
0.320	0.001	0.678	0.001
0.001	0.001	0.997	0.001
0.001	0.001	0.001	0.997
0.997	0.001	0.001	0.001
>TTCCGG	1-TTCCGG	5.184829	-563.942718	0	T:10307.0(39.02%),B:7494.2(29.38%),P:1e-244	Tpos:199.4,Tstd:112.4,Bpos:197.4,Bstd:130.6,StrandBias:-0.0,Multiplicity:1.58
0.072	0.001	0.001	0.926
0.001	0.001	0.001	0.997
0.001	0.927	0.001	0.071
0.001	0.997	0.001	0.001
0.001	0.001	0.997	0.001
0.001	0.237	0.659	0.103
>CGGAAB	2-CGGAAB	3.386245	-415.020749	0	T:18349.0(69.46%),B:15555.6(60.99%),P:1e-180	Tpos:200.0,Tstd:112.6,Bpos:200.3,Bstd:133.0,StrandBias:0.0,Multiplicity:1.40
0.072	0.697	0.186	0.045
0.154	0.319	0.471	0.056
0.135	0.001	0.528	0.336
0.640	0.067	0.001	0.292
0.531	0.088	0.162	0.219
0.138	0.295	0.297	0.270
>CGTTAN	3-CGTTAN	3.940877	-381.695685	0	T:16098.0(60.94%),B:13399.9(52.54%),P:1e-165	Tpos:199.4,Tstd:114.0,Bpos:199.7,Bstd:133.9,StrandBias:0.0,Multiplicity:1.83
0.078	0.920	0.001	0.001
0.001	0.001	0.963	0.035
0.064	0.195	0.075	0.666
0.297	0.220	0.001	0.482
0.730	0.022	0.049	0.199
0.220	0.237	0.321	0.222
>TAACCG	4-TAACCG	4.190656	-319.892499	0	T:15672.0(59.32%),B:13166.7(51.63%),P:1e-138	Tpos:199.8,Tstd:113.3,Bpos:200.5,Bstd:132.7,StrandBias:0.0,Multiplicity:1.52
0.218	0.110	0.072	0.600
0.920	0.001	0.048	0.031
0.905	0.045	0.001	0.049
0.074	0.784	0.101	0.041
0.059	0.939	0.001	0.001
0.001	0.061	0.937	0.001
>TTCYSG	5-TTCYSG	6.281186	-272.394962	0	T:14851.0(56.22%),B:12521.1(49.09%),P:1e-118	Tpos:199.9,Tstd:113.4,Bpos:201.2,Bstd:128.5,StrandBias:0.0,Multiplicity:1.35
0.001	0.001	0.001	0.997
0.001	0.001	0.001	0.997
0.004	0.742	0.013	0.241
0.001	0.511	0.007	0.481
0.001	0.505	0.493	0.001
0.252	0.001	0.746	0.001
>TWACGT	6-TWACGT	1.588761	-270.361519	0	T:13167.0(49.84%),B:10910.3(42.78%),P:1e-117	Tpos:199.8,Tstd:114.4,Bpos:202.4,Bstd:132.5,StrandBias:-0.0,Multiplicity:1.24
0.023	0.409	0.001	0.567
0.562	0.005	0.001	0.432
0.997	0.001	0.001	0.001
0.001	0.997	0.001	0.001
0.001	0.001	0.997	0.001
0.001	0.408	0.001	0.590
>CGCATG	7-CGCATG	1.771489	-254.635117	0	T:12318.0(46.63%),B:10158.3(39.83%),P:1e-110	Tpos:199.5,Tstd:114.4,Bpos:198.5,Bstd:133.4,StrandBias:-0.0,Multiplicity:1.44
0.001	0.997	0.001	0.001
0.001	0.001	0.997	0.001
0.092	0.906	0.001	0.001
0.997	0.001	0.001	0.001
0.128	0.001	0.001	0.870
0.127	0.001	0.749	0.123
>CGAATY	8-CGAATY	5.403849	-222.433584	0	T:5655.0(21.41%),B:4198.4(16.46%),P:1e-96	Tpos:198.8,Tstd:120.7,Bpos:194.0,Bstd:125.6,StrandBias:0.0,Multiplicity:1.20
0.001	0.997	0.001	0.001
0.001	0.275	0.532	0.192
0.685	0.001	0.272	0.042
0.673	0.134	0.192	0.001
0.001	0.111	0.001	0.887
0.085	0.484	0.086	0.345
>WTTCGC	9-WTTCGC	5.027696	-218.591340	0	T:15913.0(60.24%),B:13749.7(53.91%),P:1e-94	Tpos:199.9,Tstd:116.8,Bpos:198.7,Bstd:125.2,StrandBias:0.0,Multiplicity:1.30
0.336	0.001	0.240	0.423
0.001	0.108	0.001	0.890
0.001	0.001	0.004	0.994
0.001	0.541	0.333	0.125
0.001	0.293	0.705	0.001
0.007	0.628	0.187	0.178
>CCCTTT	10-CCCTTT	3.547285	-214.967442	0	T:16937.0(64.11%),B:14772.9(57.92%),P:1e-93	Tpos:200.2,Tstd:114.9,Bpos:199.3,Bstd:125.2,StrandBias:0.0,Multiplicity:1.51
0.001	0.962	0.036	0.001
0.001	0.997	0.001	0.001
0.001	0.948	0.037	0.014
0.001	0.001	0.349	0.649
0.001	0.001	0.001	0.997
0.385	0.001	0.001	0.613
>CCGTAC	11-CCGTAC	4.007754	-212.976248	0	T:20722.0(78.44%),B:18613.4(72.98%),P:1e-92	Tpos:200.8,Tstd:112.5,Bpos:201.5,Bstd:130.5,StrandBias:0.0,Multiplicity:1.70
0.001	0.623	0.283	0.093
0.143	0.855	0.001	0.001
0.214	0.001	0.784	0.001
0.130	0.001	0.215	0.654
0.877	0.001	0.001	0.121
0.147	0.625	0.227	0.001
>CTAGGC	12-CTAGGC	0.991730	-195.464054	0	T:17727.0(67.10%),B:15633.9(61.30%),P:1e-84	Tpos:200.5,Tstd:114.6,Bpos:198.5,Bstd:123.8,StrandBias:-0.0,Multiplicity:1.69
0.001	0.997	0.001	0.001
0.001	0.001	0.001	0.997
0.997	0.001	0.001	0.001
0.321	0.001	0.677	0.001
0.330	0.001	0.668	0.001
0.001	0.981	0.017	0.001
>CGCAGA	13-CGCAGA	5.840078	-153.841322	0	T:11081.0(41.94%),B:9375.8(36.76%),P:1e-66	Tpos:199.5,Tstd:110.7,Bpos:202.6,Bstd:136.8,StrandBias:0.0,Multiplicity:1.41
0.001	0.997	0.001	0.001
0.001	0.001	0.997	0.001
0.142	0.518	0.339	0.001
0.834	0.001	0.001	0.164
0.001	0.001	0.997	0.001
0.997	0.001	0.001	0.001
>GGGCCT	14-GGGCCT	5.992405	-151.345108	0	T:17842.0(67.54%),B:15932.9(62.47%),P:1e-65	Tpos:200.6,Tstd:115.8,Bpos:201.2,Bstd:119.9,StrandBias:0.0,Multiplicity:1.66
0.189	0.001	0.809	0.001
0.236	0.001	0.762	0.001
0.001	0.001	0.997	0.001
0.001	0.997	0.001	0.001
0.001	0.838	0.001	0.160
0.001	0.001	0.001	0.997
>AAMGCT	15-AAMGCT	4.750636	-149.311415	0	T:14601.0(55.27%),B:12758.5(50.02%),P:1e-64	Tpos:199.2,Tstd:113.7,Bpos:199.1,Bstd:126.8,StrandBias:0.0,Multiplicity:1.28
0.729	0.003	0.098	0.170
0.992	0.001	0.006	0.001
0.388	0.442	0.169	0.001
0.003	0.105	0.774	0.118
0.063	0.552	0.259	0.126
0.309	0.001	0.188	0.502
>AGTCGC	16-AGTCGC	1.394987	-147.744010	0	T:6695.0(25.34%),B:5353.4(20.99%),P:1e-64	Tpos:200.3,Tstd:112.2,Bpos:199.7,Bstd:135.5,StrandBias:-0.0,Multiplicity:1.12
0.997	0.001	0.001	0.001
0.001	0.001	0.997	0.001
0.001	0.001	0.001	0.997
0.001	0.997	0.001	0.001
0.001	0.001	0.997	0.001
0.001	0.617	0.001	0.381
>AGTTCC	17-AGTTCC	5.101316	-142.673613	0	T:14165.0(53.62%),B:12367.5(48.49%),P:1e-61	Tpos:200.5,Tstd:113.8,Bpos:198.9,Bstd:122.9,StrandBias:0.0,Multiplicity:1.27
0.801	0.001	0.197	0.001
0.001	0.001	0.997	0.001
0.001	0.001	0.001	0.997
0.001	0.001	0.001	0.997
0.206	0.642	0.151	0.001
0.001	0.997	0.001	0.001
>STATCG	18-STATCG	5.398136	-138.574662	0	T:3256.0(12.32%),B:2363.0(9.27%),P:1e-60	Tpos:199.9,Tstd:113.6,Bpos:202.4,Bstd:129.1,StrandBias:-0.1,Multiplicity:1.06
0.085	0.479	0.338	0.099
0.114	0.001	0.001	0.884
0.997	0.001	0.001	0.001
0.001	0.001	0.001	0.997
0.001	0.997	0.001	0.001
0.001	0.001	0.997	0.001
>AAAGCT	19-AAAGCT	6.401838	-135.694489	0	T:11150.0(42.21%),B:9521.9(37.33%),P:1e-58	Tpos:201.5,Tstd:113.3,Bpos:200.3,Bstd:124.3,StrandBias:0.0,Multiplicity:1.30
0.687	0.001	0.001	0.311
0.997	0.001	0.001	0.001
0.979	0.015	0.005	0.001
0.290	0.001	0.708	0.001
0.001	0.997	0.001	0.001
0.001	0.311	0.001	0.687
>ACTAGT	20-ACTAGT	1.288177	-131.397861	0	T:12869.0(48.71%),B:11175.4(43.82%),P:1e-57	Tpos:199.4,Tstd:113.9,Bpos:199.0,Bstd:125.8,StrandBias:0.0,Multiplicity:1.38
0.902	0.001	0.001	0.096
0.001	0.997	0.001	0.001
0.001	0.007	0.096	0.896
0.997	0.001	0.001	0.001
0.001	0.001	0.997	0.001
0.001	0.001	0.001	0.997
>TACGGC	21-TACGGC	1.339303	-120.624233	0	T:12466.0(47.19%),B:10843.1(42.51%),P:1e-52	Tpos:199.9,Tstd:111.8,Bpos:200.5,Bstd:126.1,StrandBias:-0.0,Multiplicity:1.29
0.055	0.001	0.001	0.943
0.997	0.001	0.001	0.001
0.001	0.997	0.001	0.001
0.001	0.001	0.926	0.072
0.001	0.001	0.997	0.001
0.001	0.997	0.001	0.001
>TGGCTG	22-TGGCTG	5.593362	-109.962716	0	T:16841.0(63.75%),B:15141.7(59.37%),P:1e-47	Tpos:198.8,Tstd:112.9,Bpos:199.6,Bstd:121.7,StrandBias:-0.0,Multiplicity:1.43
0.001	0.001	0.001	0.997
0.001	0.104	0.894	0.001
0.001	0.001	0.997	0.001
0.001	0.746	0.001	0.252
0.001	0.001	0.001	0.997
0.001	0.001	0.853	0.145
>GAGTCA	23-GAGTCA	5.603129	-104.950534	0	T:11854.0(44.87%),B:10341.7(40.55%),P:1e-45	Tpos:199.8,Tstd:112.6,Bpos:203.0,Bstd:122.5,StrandBias:0.0,Multiplicity:1.36
0.001	0.122	0.876	0.001
0.997	0.001	0.001	0.001
0.001	0.364	0.634	0.001
0.001	0.001	0.001	0.997
0.001	0.997	0.001	0.001
0.864	0.001	0.134	0.001
>CGCTTC	24-CGCTTC	6.177716	-95.755602	0	T:4655.0(17.62%),B:3721.1(14.59%),P:1e-41	Tpos:199.2,Tstd:111.3,Bpos:201.3,Bstd:134.9,StrandBias:-0.0,Multiplicity:1.11
0.100	0.700	0.100	0.100
0.100	0.100	0.700	0.100
0.100	0.700	0.100	0.100
0.100	0.100	0.100	0.700
0.100	0.100	0.100	0.700
0.100	0.700	0.100	0.100
>CATTCC	25-CATTCC	6.525379	-74.269413	0	T:7833.0(29.65%),B:6728.4(26.38%),P:1e-32	Tpos:201.5,Tstd:114.6,Bpos:199.0,Bstd:118.9,StrandBias:-0.0,Multiplicity:1.18
0.001	0.806	0.192	0.001
0.997	0.001	0.001	0.001
0.001	0.001	0.001	0.997
0.001	0.001	0.001	0.997
0.120	0.878	0.001	0.001
0.001	0.997	0.001	0.001
>VCGGAAG	1-VCGGAAG	5.883167	-564.599188	0	T:9058.0(34.29%),B:6388.4(25.05%),P:1e-245	Tpos:200.0,Tstd:111.7,Bpos:196.0,Bstd:131.5,StrandBias:0.0,Multiplicity:1.52
0.218	0.361	0.324	0.097
0.001	0.875	0.123	0.001
0.001	0.001	0.997	0.001
0.253	0.079	0.485	0.183
0.997	0.001	0.001	0.001
0.833	0.001	0.001	0.165
0.286	0.201	0.448	0.065
>YTCGGAT	2-YTCGGAT	3.139818	-474.161100	0	T:16837.0(63.73%),B:13879.6(54.42%),P:1e-205	Tpos:200.3,Tstd:112.9,Bpos:200.7,Bstd:133.3,StrandBias:-0.0,Multiplicity:1.37
0.208	0.321	0.001	0.470
0.254	0.046	0.001	0.699
0.001	0.997	0.001	0.001
0.001	0.001	0.997	0.001
0.228	0.060	0.555	0.157
0.747	0.001	0.001	0.251
0.399	0.001	0.001	0.599
>GTCGGTA	3-GTCGGTA	4.319117	-384.724409	0	T:13358.0(50.56%),B:10744.5(42.13%),P:1e-167	Tpos:202.6,Tstd:112.0,Bpos:202.2,Bstd:133.5,StrandBias:0.0,Multiplicity:1.14
0.196	0.001	0.802	0.001
0.198	0.186	0.059	0.557
0.001	0.997	0.001	0.001
0.001	0.181	0.817	0.001
0.093	0.198	0.708	0.001
0.348	0.010	0.001	0.641
0.633	0.001	0.001	0.365
>GTTTCCG	4-GTTTCCG	4.142073	-336.744355	0	T:17644.0(66.79%),B:15067.4(59.08%),P:1e-146	Tpos:200.4,Tstd:113.9,Bpos:199.8,Bstd:128.4,StrandBias:0.0,Multiplicity:1.30
0.088	0.162	0.651	0.099
0.136	0.124	0.105	0.635
0.174	0.113	0.034	0.679
0.099	0.081	0.046	0.774
0.049	0.768	0.140	0.043
0.041	0.753	0.113	0.093
0.034	0.101	0.743	0.122
>CGATTGG	5-CGATTGG	3.967356	-335.899005	0	T:15138.0(57.30%),B:12596.2(49.39%),P:1e-145	Tpos:199.4,Tstd:115.8,Bpos:197.0,Bstd:128.8,StrandBias:0.0,Multiplicity:1.62
0.034	0.829	0.077	0.060
0.062	0.077	0.808	0.053
0.613	0.069	0.073	0.245
0.063	0.115	0.064	0.758
0.121	0.106	0.025	0.748
0.082	0.139	0.619	0.160
0.170	0.146	0.628	0.056
>HWWACGS	6-HWWACGS	3.892331	-324.674081	0	T:15870.0(60.07%),B:13345.5(52.33%),P:1e-141	Tpos:199.4,Tstd:113.4,Bpos:201.9,Bstd:134.9,StrandBias:-0.0,Multiplicity:1.55
0.297	0.221	0.133	0.349
0.384	0.169	0.001	0.446
0.498	0.001	0.018	0.483
0.624	0.001	0.224	0.151
0.031	0.887	0.081	0.001
0.001	0.237	0.761	0.001
0.150	0.300	0.433	0.118
>TRCGTCA	7-TRCGTCA	6.402791	-314.922066	0	T:5436.0(20.58%),B:3790.5(14.86%),P:1e-136	Tpos:198.4,Tstd:115.2,Bpos:196.4,Bstd:123.5,StrandBias:-0.0,Multiplicity:1.14
0.001	0.103	0.297	0.599
0.350	0.001	0.483	0.166
0.377	0.621	0.001	0.001
0.001	0.001	0.997	0.001
0.001	0.001	0.001	0.997
0.001	0.821	0.001	0.177
0.731	0.001	0.267	0.001
>CSTTTTM	8-CSTTTTM	4.793646	-299.122460	0	T:19089.0(72.26%),B:16646.5(65.27%),P:1e-129	Tpos:201.3,Tstd:115.1,Bpos:197.2,Bstd:123.6,StrandBias:0.0,Multiplicity:1.39
0.001	0.997	0.001	0.001
0.001	0.543	0.455	0.001
0.113	0.106	0.194	0.587
0.001	0.100	0.001	0.898
0.013	0.001	0.001	0.985
0.001	0.340	0.001	0.658
0.382	0.427	0.190	0.001
>CGGNWTT	9-CGGNWTT	3.953258	-268.216132	0	T:16067.0(60.82%),B:13722.2(53.80%),P:1e-116	Tpos:200.8,Tstd:112.4,Bpos:199.4,Bstd:132.6,StrandBias:-0.0,Multiplicity:1.41
0.169	0.805	0.025	0.001
0.112	0.121	0.766	0.001
0.158	0.063	0.587	0.192
0.192	0.333	0.259	0.216
0.340	0.159	0.018	0.482
0.211	0.216	0.092	0.482
0.207	0.045	0.062	0.686
>TAARGCS	10-TAARGCS	4.885053	-262.624867	0	T:16473.0(62.36%),B:14141.4(55.45%),P:1e-114	Tpos:200.9,Tstd:115.0,Bpos:199.5,Bstd:126.2,StrandBias:0.0,Multiplicity:1.41
0.302	0.038	0.003	0.657
0.997	0.001	0.001	0.001
0.599	0.233	0.130	0.038
0.406	0.001	0.452	0.140
0.001	0.001	0.997	0.001
0.001	0.867	0.131	0.001
0.001	0.469	0.528	0.002
>CGCGWAA	11-CGCGWAA	3.741735	-261.842416	0	T:11110.0(42.05%),B:9001.7(35.29%),P:1e-113	Tpos:200.0,Tstd:112.3,Bpos:196.0,Bstd:135.8,StrandBias:-0.0,Multiplicity:1.51
0.109	0.595	0.119	0.177
0.132	0.132	0.645	0.091
0.074	0.698	0.106	0.122
0.139	0.126	0.575	0.160
0.401	0.201	0.104	0.294
0.548	0.119	0.144	0.189
0.539	0.131	0.122	0.208
>GCCGTTT	12-GCCGTTT	5.248673	-226.765488	0	T:12310.0(46.60%),B:10248.7(40.18%),P:1e-98	Tpos:200.9,Tstd:113.0,Bpos:200.6,Bstd:127.9,StrandBias:0.0,Multiplicity:1.25
0.001	0.045	0.953	0.001
0.055	0.852	0.036	0.057
0.101	0.774	0.081	0.044
0.079	0.146	0.694	0.081
0.001	0.043	0.063	0.893
0.019	0.048	0.001	0.932
0.002	0.061	0.032	0.905
>GAACGCT	13-GAACGCT	4.382734	-219.359957	0	T:17500.0(66.24%),B:15315.8(60.05%),P:1e-95	Tpos:201.3,Tstd:112.6,Bpos:199.3,Bstd:127.3,StrandBias:0.0,Multiplicity:1.52
0.125	0.186	0.583	0.106
0.773	0.047	0.048	0.132
0.692	0.107	0.106	0.095
0.215	0.607	0.067	0.111
0.050	0.055	0.847	0.048
0.019	0.799	0.066	0.116
0.166	0.086	0.045	0.703
>GTCTGCG	14-GTCTGCG	2.636210	-199.504650	0	T:17133.0(64.85%),B:15026.2(58.92%),P:1e-86	Tpos:200.4,Tstd:112.3,Bpos:203.4,Bstd:131.3,StrandBias:-0.0,Multiplicity:1.60
0.001	0.001	0.903	0.095
0.001	0.001	0.001	0.997
0.001	0.997	0.001	0.001
0.001	0.001	0.001	0.997
0.001	0.043	0.955	0.001
0.001	0.997	0.001	0.001
0.001	0.001	0.997	0.001
>CTGCGAA	15-CTGCGAA	1.418946	-198.863501	0	T:12032.0(45.54%),B:10090.0(39.56%),P:1e-86	Tpos:199.4,Tstd:111.8,Bpos:200.0,Bstd:135.4,StrandBias:0.0,Multiplicity:1.35
0.001	0.977	0.021	0.001
0.274	0.001	0.224	0.501
0.163	0.316	0.520	0.001
0.001	0.997	0.001	0.001
0.001	0.001	0.997	0.001
0.980	0.001	0.001	0.018
0.997	0.001	0.001	0.001
>TCTAGCG	16-TCTAGCG	5.828465	-172.990204	0	T:4719.0(17.86%),B:3522.4(13.81%),P:1e-75	Tpos:199.2,Tstd:113.2,Bpos:194.8,Bstd:131.0,StrandBias:-0.0,Multiplicity:1.05
0.047	0.103	0.289	0.561
0.007	0.828	0.145	0.020
0.001	0.001	0.084	0.914
0.614	0.172	0.213	0.001
0.411	0.001	0.587	0.001
0.052	0.806	0.001	0.141
0.001	0.082	0.916	0.001
>GACTGSY	17-GACTGSY	5.170026	-134.540003	0	T:15493.0(58.65%),B:13695.1(53.70%),P:1e-58	Tpos:200.7,Tstd:112.4,Bpos:198.6,Bstd:120.1,StrandBias:-0.0,Multiplicity:1.39
0.318	0.133	0.548	0.001
0.997	0.001	0.001	0.001
0.108	0.890	0.001	0.001
0.001	0.103	0.001	0.895
0.157	0.001	0.756	0.086
0.061	0.459	0.363	0.117
0.002	0.535	0.014	0.449
>GACTAGT	18-GACTAGT	4.778754	-124.390129	0	T:8859.0(33.53%),B:7429.7(29.13%),P:1e-54	Tpos:199.8,Tstd:113.5,Bpos:197.2,Bstd:122.7,StrandBias:0.0,Multiplicity:1.23
0.001	0.079	0.904	0.016
0.866	0.060	0.022	0.052
0.001	0.971	0.001	0.027
0.071	0.037	0.001	0.891
0.746	0.024	0.053	0.177
0.001	0.023	0.956	0.020
0.060	0.048	0.172	0.720
>GTCGACT	19-GTCGACT	2.541055	-118.130501	0	T:4051.0(15.33%),B:3107.3(12.18%),P:1e-51	Tpos:197.4,Tstd:111.4,Bpos:199.1,Bstd:133.2,StrandBias:-0.0,Multiplicity:1.07
0.112	0.002	0.881	0.005
0.001	0.001	0.108	0.890
0.001	0.997	0.001	0.001
0.001	0.001	0.997	0.001
0.997	0.001	0.001	0.001
0.004	0.994	0.001	0.001
0.001	0.001	0.001	0.997
>CACGTGA	20-CACGTGA	6.063470	-103.025456	0	T:2483.0(9.40%),B:1803.9(7.07%),P:1e-44	Tpos:200.1,Tstd:118.8,Bpos:195.3,Bstd:126.4,StrandBias:-0.0,Multiplicity:1.08
0.046	0.952	0.001	0.001
0.997	0.001	0.001	0.001
0.001	0.997	0.001	0.001
0.001	0.001	0.997	0.001
0.001	0.001	0.001	0.997
0.001	0.001	0.997	0.001
0.579	0.001	0.419	0.001
>GGCCTAA	21-GGCCTAA	5.548338	-102.705689	0	T:10697.0(40.49%),B:9256.8(36.29%),P:1e-44	Tpos:198.5,Tstd:114.1,Bpos:200.4,Bstd:119.9,StrandBias:0.0,Multiplicity:1.28
0.046	0.001	0.952	0.001
0.047	0.001	0.951	0.001
0.081	0.821	0.097	0.001
0.001	0.964	0.001	0.034
0.041	0.157	0.001	0.801
0.785	0.067	0.147	0.001
0.720	0.106	0.173	0.001
>CGTTGCW	22-CGTTGCW	5.754377	-88.954924	0	T:3582.0(13.56%),B:2796.4(10.96%),P:1e-38	Tpos:200.6,Tstd:114.5,Bpos:200.4,Bstd:128.5,StrandBias:0.1,Multiplicity:1.07
0.282	0.614	0.087	0.017
0.363	0.005	0.613	0.019
0.001	0.001	0.005	0.993
0.042	0.013	0.394	0.551
0.257	0.282	0.460	0.001
0.001	0.662	0.336	0.001
0.501	0.006	0.043	0.450
>TAAATCC	23-TAAATCC	6.215008	-88.733793	0	T:7206.0(27.28%),B:6070.5(23.80%),P:1e-38	Tpos:199.0,Tstd:114.7,Bpos:202.9,Bstd:121.1,StrandBias:-0.0,Multiplicity:1.22
0.079	0.070	0.001	0.850
0.863	0.135	0.001	0.001
0.997	0.001	0.001	0.001
0.911	0.087	0.001	0.001
0.001	0.102	0.001	0.896
0.124	0.653	0.160	0.063
0.001	0.951	0.001	0.047
>ATGGCGG	24-ATGGCGG	6.895222	-86.200609	0	T:3978.0(15.06%),B:3156.6(12.38%),P:1e-37	Tpos:200.8,Tstd:105.8,Bpos:205.9,Bstd:130.8,StrandBias:0.1,Multiplicity:1.12
0.997	0.001	0.001	0.001
0.001	0.001	0.001	0.997
0.001	0.001	0.997	0.001
0.001	0.001	0.936	0.062
0.001	0.997	0.001	0.001
0.001	0.173	0.825	0.001
0.079	0.117	0.803	0.001
>ACCTAGC	25-ACCTAGC	2.351285	-56.114773	0	T:6081.0(23.02%),B:5210.2(20.43%),P:1e-24	Tpos:198.8,Tstd:112.7,Bpos:201.9,Bstd:123.6,StrandBias:0.0,Multiplicity:1.15
0.997	0.001	0.001	0.001
0.001	0.670	0.328	0.001
0.001	0.997	0.001	0.001
0.001	0.001	0.001	0.997
0.997	0.001	0.001	0.001
0.001	0.001	0.703	0.295
0.001	0.968	0.001	0.030
>ATTTCCGS	1-ATTTCCGS	4.483671	-532.930609	0	T:10035.0(37.99%),B:7316.5(28.69%),P:1e-231	Tpos:200.1,Tstd:111.7,Bpos:197.7,Bstd:131.3,StrandBias:-0.0,Multiplicity:1.54
0.411	0.128	0.228	0.233
0.192	0.218	0.199	0.391
0.204	0.028	0.080	0.688
0.233	0.098	0.046	0.623
0.120	0.556	0.085	0.239
0.010	0.757	0.177	0.056
0.020	0.170	0.809	0.001
0.200	0.263	0.351	0.185
>VCCGNTTW	2-VCCGNTTW	3.258381	-347.258757	0	T:16518.0(62.53%),B:13914.9(54.56%),P:1e-150	Tpos:200.9,Tstd:113.0,Bpos:200.2,Bstd:133.3,StrandBias:-0.0,Multiplicity:1.65
0.270	0.222	0.344	0.164
0.212	0.480	0.218	0.090
0.076	0.614	0.309	0.001
0.059	0.142	0.703	0.096
0.236	0.223	0.263	0.277
0.250	0.137	0.100	0.513
0.294	0.063	0.099	0.544
0.352	0.131	0.136	0.381
>CCGATTGG	3-CCGATTGG	5.171576	-332.814225	0	T:7868.0(29.78%),B:5851.3(22.94%),P:1e-144	Tpos:199.1,Tstd:119.4,Bpos:193.3,Bstd:123.9,StrandBias:0.0,Multiplicity:1.29
0.117	0.567	0.201	0.115
0.047	0.662	0.117	0.174
0.040	0.096	0.786	0.078
0.748	0.023	0.108	0.121
0.086	0.064	0.008	0.842
0.088	0.014	0.016	0.882
0.048	0.124	0.762	0.066
0.113	0.078	0.753	0.056
>CGCATDAK	4-CGCATDAK	4.792971	-325.869150	0	T:8992.0(34.04%),B:6871.7(26.94%),P:1e-141	Tpos:197.6,Tstd:114.3,Bpos:194.9,Bstd:132.6,StrandBias:-0.1,Multiplicity:1.31
0.001	0.967	0.031	0.001
0.028	0.001	0.970	0.001
0.128	0.549	0.188	0.135
0.527	0.169	0.237	0.067
0.329	0.143	0.032	0.497
0.408	0.001	0.280	0.312
0.511	0.314	0.001	0.174
0.047	0.140	0.356	0.457
>ACGTAACG	5-ACGTAACG	4.272761	-301.168387	0	T:11205.0(42.41%),B:8966.6(35.16%),P:1e-130	Tpos:198.4,Tstd:114.8,Bpos:198.1,Bstd:131.0,StrandBias:-0.0,Multiplicity:1.44
0.691	0.086	0.126	0.097
0.089	0.773	0.062	0.076
0.071	0.060	0.786	0.083
0.093	0.100	0.049	0.758
0.704	0.096	0.115	0.085
0.802	0.050	0.091	0.057
0.059	0.766	0.100	0.075
0.086	0.123	0.719	0.072
>CGCBCTTT	6-CGCBCTTT	4.614505	-273.042190	0	T:12637.0(47.83%),B:10398.1(40.77%),P:1e-118	Tpos:199.3,Tstd:112.8,Bpos:194.8,Bstd:135.5,StrandBias:-0.0,Multiplicity:1.41
0.001	0.997	0.001	0.001
0.001	0.001	0.997	0.001
0.291	0.501	0.168	0.040
0.001	0.301	0.329	0.369
0.211	0.535	0.001	0.253
0.001	0.116	0.001	0.882
0.001	0.137	0.001	0.861
0.081	0.001	0.001	0.917
>CGTACGAA	7-CGTACGAA	3.878397	-225.130301	0	T:15429.0(58.40%),B:13251.8(51.96%),P:1e-97	Tpos:200.3,Tstd:112.1,Bpos:200.4,Bstd:134.1,StrandBias:-0.0,Multiplicity:1.53
0.001	0.997	0.001	0.001
0.001	0.032	0.893	0.074
0.282	0.017	0.093	0.608
0.609	0.086	0.116	0.189
0.001	0.685	0.313	0.001
0.060	0.274	0.595	0.071
0.610	0.125	0.101	0.164
0.997	0.001	0.001	0.001
>KCGCYATA	8-KCGCYATA	1.557728	-223.767620	0	T:4594.0(17.39%),B:3283.6(12.87%),P:1e-97	Tpos:202.6,Tstd:114.1,Bpos:207.5,Bstd:134.6,StrandBias:-0.1,Multiplicity:1.07
0.119	0.001	0.499	0.380
0.001	0.997	0.001	0.001
0.001	0.001	0.997	0.001
0.001	0.656	0.001	0.342
0.224	0.390	0.104	0.282
0.473	0.274	0.001	0.252
0.001	0.001	0.001	0.997
0.997	0.001	0.001	0.001
>ACGGTTCG	9-ACGGTTCG	5.059449	-219.093177	0	T:10615.0(40.18%),B:8685.7(34.06%),P:1e-95	Tpos:201.6,Tstd:114.1,Bpos:199.7,Bstd:125.6,StrandBias:0.0,Multiplicity:1.17
0.862	0.136	0.001	0.001
0.002	0.865	0.132	0.001
0.339	0.002	0.658	0.001
0.072	0.268	0.659	0.001
0.002	0.001	0.001	0.996
0.361	0.001	0.001	0.637
0.001	0.803	0.195	0.001
0.093	0.300	0.606	0.001
>TTTTSSCG	10-TTTTSSCG	4.986445	-200.907303	0	T:9760.0(36.94%),B:7957.6(31.20%),P:1e-87	Tpos:198.6,Tstd:113.2,Bpos:197.9,Bstd:127.6,StrandBias:-0.0,Multiplicity:1.19
0.001	0.216	0.167	0.616
0.085	0.083	0.096	0.736
0.178	0.001	0.137	0.684
0.074	0.108	0.170	0.648
0.189	0.402	0.409	0.001
0.095	0.470	0.346	0.089
0.179	0.819	0.001	0.001
0.069	0.199	0.592	0.140
>ACTWACTG	11-ACTWACTG	4.196824	-198.773536	0	T:19405.0(73.45%),B:17311.5(67.88%),P:1e-86	Tpos:199.1,Tstd:113.0,Bpos:200.3,Bstd:123.9,StrandBias:-0.0,Multiplicity:1.49
0.820	0.002	0.177	0.001
0.001	0.579	0.362	0.058
0.127	0.001	0.001	0.871
0.489	0.001	0.001	0.509
0.698	0.272	0.001	0.029
0.001	0.895	0.077	0.027
0.068	0.220	0.143	0.569
0.075	0.223	0.627	0.075
>CCGAAAGG	12-CCGAAAGG	4.553938	-196.370002	0	T:16948.0(64.15%),B:14855.3(58.25%),P:1e-85	Tpos:200.8,Tstd:113.6,Bpos:199.4,Bstd:124.6,StrandBias:-0.0,Multiplicity:1.33
0.082	0.801	0.053	0.064
0.056	0.693	0.073	0.178
0.124	0.090	0.682	0.104
0.841	0.067	0.024	0.068
0.708	0.043	0.124	0.125
0.719	0.097	0.060	0.124
0.126	0.052	0.744	0.078
0.035	0.058	0.816	0.091
>TTAGTCGC	13-TTAGTCGC	4.843926	-178.101689	0	T:7009.0(26.53%),B:5529.2(21.68%),P:1e-77	Tpos:201.2,Tstd:111.7,Bpos:198.6,Bstd:132.1,StrandBias:-0.0,Multiplicity:1.14
0.042	0.147	0.111	0.700
0.113	0.141	0.069	0.677
0.760	0.106	0.063	0.071
0.104	0.110	0.685	0.101
0.078	0.027	0.064	0.831
0.053	0.808	0.061	0.078
0.084	0.086	0.789	0.041
0.103	0.752	0.085	0.060
>TGAGTCAT	14-TGAGTCAT	7.797777	-170.390018	0	T:1591.0(6.02%),B:947.1(3.71%),P:1e-73	Tpos:201.0,Tstd:114.7,Bpos:204.8,Bstd:116.2,StrandBias:-0.0,Multiplicity:1.06
0.052	0.103	0.077	0.768
0.061	0.048	0.792	0.099
0.774	0.166	0.029	0.031
0.030	0.283	0.660	0.027
0.009	0.039	0.067	0.885
0.080	0.852	0.049	0.019
0.801	0.027	0.152	0.020
0.064	0.268	0.198	0.470
>AGCGGACT	15-AGCGGACT	4.545162	-160.864045	0	T:15155.0(57.37%),B:13244.5(51.93%),P:1e-69	Tpos:201.2,Tstd:112.7,Bpos:198.9,Bstd:126.1,StrandBias:0.0,Multiplicity:1.38
0.730	0.084	0.105	0.081
0.090	0.070	0.753	0.087
0.144	0.720	0.059	0.077
0.087	0.118	0.740	0.055
0.094	0.069	0.774	0.063
0.801	0.055	0.058	0.086
0.085	0.703	0.137	0.075
0.108	0.055	0.058	0.779
>CGGCAGTT	16-CGGCAGTT	4.540639	-159.901737	0	T:11812.0(44.71%),B:10040.0(39.37%),P:1e-69	Tpos:200.4,Tstd:111.3,Bpos:201.1,Bstd:123.9,StrandBias:0.0,Multiplicity:1.29
0.020	0.895	0.043	0.042
0.114	0.116	0.710	0.060
0.001	0.015	0.788	0.196
0.001	0.984	0.001	0.014
0.920	0.001	0.001	0.078
0.017	0.001	0.981	0.001
0.032	0.001	0.001	0.966
0.080	0.048	0.035	0.837
>TGGKCGGT	17-TGGKCGGT	5.148000	-144.039757	0	T:12107.0(45.83%),B:10389.9(40.74%),P:1e-62	Tpos:200.7,Tstd:116.1,Bpos:196.2,Bstd:127.2,StrandBias:0.0,Multiplicity:1.25
0.421	0.001	0.001	0.577
0.109	0.213	0.677	0.001
0.226	0.115	0.632	0.027
0.040	0.001	0.494	0.465
0.001	0.947	0.001	0.051
0.001	0.240	0.620	0.139
0.107	0.006	0.635	0.252
0.045	0.001	0.083	0.871
>KAAAGSCT	18-KAAAGSCT	5.639922	-140.163013	0	T:13378.0(50.64%),B:11621.9(45.57%),P:1e-60	Tpos:201.1,Tstd:114.1,Bpos:200.5,Bstd:121.4,StrandBias:-0.0,Multiplicity:1.34
0.188	0.001	0.345	0.466
0.902	0.001	0.096	0.001
0.997	0.001	0.001	0.001
0.724	0.003	0.272	0.001
0.004	0.001	0.676	0.319
0.001	0.424	0.574	0.001
0.111	0.790	0.001	0.098
0.001	0.410	0.003	0.586
>GNTTCTGG	19-GNTTCTGG	5.037753	-137.716468	0	T:10565.0(39.99%),B:8961.7(35.14%),P:1e-59	Tpos:200.1,Tstd:112.9,Bpos:201.7,Bstd:118.1,StrandBias:0.0,Multiplicity:1.27
0.198	0.028	0.631	0.143
0.247	0.230	0.190	0.334
0.077	0.251	0.145	0.527
0.147	0.197	0.036	0.620
0.064	0.629	0.306	0.001
0.212	0.038	0.198	0.552
0.086	0.056	0.779	0.079
0.284	0.086	0.476	0.153
>ACGCGTCA	20-ACGCGTCA	5.925475	-114.777205	0	T:2423.0(9.17%),B:1722.2(6.75%),P:1e-49	Tpos:196.3,Tstd:113.9,Bpos:203.2,Bstd:132.9,StrandBias:0.0,Multiplicity:1.05
0.699	0.083	0.053	0.165
0.080	0.638	0.178	0.104
0.072	0.021	0.787	0.120
0.092	0.798	0.063	0.047
0.074	0.068	0.756	0.102
0.095	0.035	0.078	0.792
0.116	0.683	0.128	0.073
0.847	0.045	0.054	0.054
>GACTGCTA	21-GACTGCTA	5.098970	-108.966891	0	T:8859.0(33.53%),B:7501.1(29.41%),P:1e-47	Tpos:202.0,Tstd:112.0,Bpos:204.0,Bstd:123.9,StrandBias:0.0,Multiplicity:1.14
0.038	0.053	0.844	0.065
0.664	0.075	0.182	0.079
0.140	0.767	0.056	0.037
0.066	0.093	0.102	0.739
0.061	0.096	0.740	0.103
0.094	0.702	0.106	0.098
0.075	0.056	0.150	0.719
0.827	0.048	0.070	0.055
>AAGCCACG	22-AAGCCACG	7.006430	-103.051076	0	T:3734.0(14.13%),B:2880.3(11.29%),P:1e-44	Tpos:197.6,Tstd:113.0,Bpos:206.2,Bstd:122.1,StrandBias:0.0,Multiplicity:1.08
0.905	0.039	0.055	0.001
0.843	0.001	0.081	0.075
0.015	0.021	0.942	0.022
0.048	0.932	0.019	0.001
0.001	0.935	0.001	0.063
0.767	0.026	0.001	0.206
0.001	0.899	0.099	0.001
0.075	0.001	0.905	0.019
>CGACCAAT	23-CGACCAAT	8.236954	-15.752016	0	T:134.0(0.51%),B:80.7(0.32%),P:1e-6	Tpos:215.4,Tstd:140.5,Bpos:86.9,Bstd:44.7,StrandBias:0.9,Multiplicity:1.05
0.100	0.700	0.100	0.100
0.100	0.100	0.700	0.100
0.700	0.100	0.100	0.100
0.100	0.700	0.100	0.100
0.100	0.700	0.100	0.100
0.700	0.100	0.100	0.100
0.700	0.100	0.100	0.100
0.100	0.100	0.100	0.700
>TACGTCGG	24-TACGTCGG	8.236954	-8.642866	0	T:45.0(0.17%),B:24.6(0.10%),P:1e-3	Tpos:149.4,Tstd:116.2,Bpos:253.6,Bstd:36.9,StrandBias:-1.4,Multiplicity:1.00
0.100	0.100	0.100	0.700
0.700	0.100	0.100	0.100
0.100	0.700	0.100	0.100
0.100	0.100	0.700	0.100
0.100	0.100	0.100	0.700
0.100	0.700	0.100	0.100
0.100	0.100	0.700	0.100
0.100	0.100	0.700	0.100
>CAGTTCGC	25-CAGTTCGC	8.236954	-7.650118	0	T:156.0(0.59%),B:114.9(0.45%),P:1e-3	Tpos:207.1,Tstd:113.6,Bpos:346.9,Bstd:36.5,StrandBias:-0.4,Multiplicity:1.00
0.100	0.700	0.100	0.100
0.700	0.100	0.100	0.100
0.100	0.100	0.700	0.100
0.100	0.100	0.100	0.700
0.100	0.100	0.100	0.700
0.100	0.700	0.100	0.100
0.100	0.100	0.700	0.100
0.100	0.700	0.100	0.100
Mis_redirected¢DtypeEvalueôIhttp_code¢DtypeEvalueÈQdownload_complete¢DtypeEvalueõ