¦Ifinal_url¡DtypeLhttp_headers¢DtypeEvalue†¢Ak¢DtypeEvalueNContent-LengthAv¢DtypeEvalueC413¢Ak¢DtypeEvalueMAccept-RangesAv¢DtypeEvalueEbytes¢Ak¢DtypeEvalueFServerAv¢DtypeEvalueX4Apache/2.4.6 (CentOS) OpenSSL/1.0.2k-fips SVN/1.7.14¢Ak¢DtypeEvalueMLast-ModifiedAv¢DtypeEvalueXFri, 09 Sep 2016 17:57:45 GMT¢Ak¢DtypeEvalueDETagAv¢DtypeEvalueS"19d-53c16e23304a1"¢Ak¢DtypeEvalueDDateAv¢DtypeEvalueXThu, 07 Feb 2019 13:02:48 GMTKraw_content¢DtypeEvalueY>GAAASYGAAASY	IRF2(IRF)/Erythroblas-IRF2-ChIP-Seq(GSE36985)/Homer	8.042074	-20.220136	0	T:555.0(2.10%),B:413.0(1.62%),P:1e-8
0.186	0.146	0.494	0.173
0.612	0.139	0.199	0.050
0.748	0.037	0.119	0.096
0.786	0.032	0.069	0.113
0.177	0.352	0.360	0.111
0.141	0.359	0.129	0.372
0.259	0.099	0.634	0.008
0.635	0.141	0.184	0.040
0.730	0.100	0.085	0.085
0.742	0.115	0.093	0.050
0.113	0.407	0.440	0.040
0.101	0.337	0.171	0.391
Mis_redirected¢DtypeEvalueôIhttp_code¢DtypeEvalueÈQdownload_complete¢DtypeEvalueõ