¦Ifinal_url¡DtypeLhttp_headers¢DtypeEvalue†¢Ak¢DtypeEvalueNContent-LengthAv¢DtypeEvalueC623¢Ak¢DtypeEvalueMAccept-RangesAv¢DtypeEvalueEbytes¢Ak¢DtypeEvalueFServerAv¢DtypeEvalueX4Apache/2.4.6 (CentOS) OpenSSL/1.0.2k-fips SVN/1.7.14¢Ak¢DtypeEvalueMLast-ModifiedAv¢DtypeEvalueXThu, 08 Sep 2016 06:16:21 GMT¢Ak¢DtypeEvalueDETagAv¢DtypeEvalueS"26f-53bf8f7eea950"¢Ak¢DtypeEvalueDDateAv¢DtypeEvalueXThu, 07 Feb 2019 14:53:55 GMTKraw_content¢DtypeEvalueYo>SARTGGAAAAWRTGAGTCAB	NFAT:AP1(RHD,bZIP)/Jurkat-NFATC1-ChIP-Seq(Jolma_et_al.)/Homer	8.950862	-10.348346	0	T:494.0(3.01%),B:779.6(2.51%),P:1e-4
0.198	0.289	0.369	0.145
0.455	0.147	0.247	0.152
0.389	0.159	0.314	0.139
0.194	0.037	0.094	0.675
0.011	0.001	0.987	0.001
0.004	0.001	0.994	0.001
0.924	0.024	0.043	0.009
0.940	0.001	0.052	0.007
0.801	0.054	0.096	0.049
0.522	0.165	0.202	0.111
0.456	0.052	0.089	0.404
0.375	0.205	0.292	0.129
0.061	0.036	0.024	0.879
0.047	0.043	0.788	0.122
0.817	0.022	0.050	0.111
0.105	0.324	0.503	0.068
0.117	0.069	0.067	0.747
0.162	0.630	0.123	0.085
0.721	0.056	0.094	0.129
0.136	0.265	0.234	0.366
Mis_redirected¢DtypeEvalueôIhttp_code¢DtypeEvalueÈQdownload_complete¢DtypeEvalueõ