¦Ifinal_url¡DtypeLhttp_headers¢DtypeEvalue†¢Ak¢DtypeEvalueNContent-LengthAv¢DtypeEvalueC463¢Ak¢DtypeEvalueMAccept-RangesAv¢DtypeEvalueEbytes¢Ak¢DtypeEvalueFServerAv¢DtypeEvalueX4Apache/2.4.6 (CentOS) OpenSSL/1.0.2k-fips SVN/1.7.14¢Ak¢DtypeEvalueMLast-ModifiedAv¢DtypeEvalueXThu, 08 Sep 2016 06:16:18 GMT¢Ak¢DtypeEvalueDETagAv¢DtypeEvalueS"1cf-53bf8f7ce82ed"¢Ak¢DtypeEvalueDDateAv¢DtypeEvalueXThu, 07 Feb 2019 14:54:35 GMTKraw_content¢DtypeEvalueYÏ>TAGGGCAAAGGTCA	RXR(NR),DR1/3T3L1-RXR-ChIP-Seq(GSE13511)/Homer	6.641182	-26.487343	0	T:3438.0(20.94%),B:5852.4(18.81%),P:1e-11
0.107	0.233	0.178	0.482
0.580	0.027	0.320	0.073
0.089	0.005	0.845	0.061
0.122	0.012	0.851	0.015
0.109	0.130	0.597	0.164
0.064	0.740	0.159	0.037
0.950	0.023	0.015	0.012
0.636	0.044	0.298	0.022
0.876	0.003	0.101	0.020
0.036	0.003	0.944	0.017
0.026	0.008	0.892	0.074
0.031	0.134	0.244	0.591
0.060	0.761	0.111	0.068
0.870	0.043	0.048	0.039
Mis_redirected¢DtypeEvalueôIhttp_code¢DtypeEvalueÈQdownload_complete¢DtypeEvalueõ