¦Ifinal_url¡DtypeLhttp_headers¢DtypeEvalue†¢Ak¢DtypeEvalueNContent-LengthAv¢DtypeEvalueC418¢Ak¢DtypeEvalueMAccept-RangesAv¢DtypeEvalueEbytes¢Ak¢DtypeEvalueFServerAv¢DtypeEvalueX4Apache/2.4.6 (CentOS) OpenSSL/1.0.2k-fips SVN/1.7.14¢Ak¢DtypeEvalueMLast-ModifiedAv¢DtypeEvalueXThu, 08 Sep 2016 06:16:19 GMT¢Ak¢DtypeEvalueDETagAv¢DtypeEvalueS"1a2-53bf8f7d11716"¢Ak¢DtypeEvalueDDateAv¢DtypeEvalueXThu, 07 Feb 2019 14:53:06 GMTKraw_content¢DtypeEvalueY¢>GGCCATAAATCA	HOXA9(Homeobox)/HSC-Hoxa9-ChIP-Seq(GSE33509)/Homer	6.737316	-118.894253	0	T:2327.0(14.17%),B:3229.4(10.38%),P:1e-51
0.275	0.104	0.517	0.104
0.207	0.207	0.552	0.034
0.034	0.586	0.103	0.277
0.241	0.586	0.001	0.172
0.794	0.034	0.171	0.001
0.001	0.001	0.033	0.965
0.621	0.241	0.069	0.069
0.931	0.034	0.001	0.034
0.862	0.034	0.001	0.103
0.137	0.001	0.068	0.794
0.069	0.759	0.069	0.103
0.553	0.137	0.034	0.276
Mis_redirected¢DtypeEvalueôIhttp_code¢DtypeEvalueÈQdownload_complete¢DtypeEvalueõ