¦Ifinal_url¡DtypeLhttp_headers¢DtypeEvalue†¢Ak¢DtypeEvalueNContent-LengthAv¢DtypeEvalueC522¢Ak¢DtypeEvalueMAccept-RangesAv¢DtypeEvalueEbytes¢Ak¢DtypeEvalueFServerAv¢DtypeEvalueX4Apache/2.4.6 (CentOS) OpenSSL/1.0.2k-fips SVN/1.7.14¢Ak¢DtypeEvalueMLast-ModifiedAv¢DtypeEvalueXFri, 09 Sep 2016 17:57:45 GMT¢Ak¢DtypeEvalueDETagAv¢DtypeEvalueS"20a-53c16e2335e78"¢Ak¢DtypeEvalueDDateAv¢DtypeEvalueXThu, 07 Feb 2019 12:23:47 GMTKraw_content¢DtypeEvalueY
>WNTGTTTRYTTTGGCA	NF1:FOXA1(CTF,Forkhead)/LNCAP-FOXA1-ChIP-Seq(GSE27824)/Homer	10.273683	-6.053160	0	T:169.0(0.64%),B:130.5(0.51%),P:1e-2
0.273	0.184	0.193	0.350
0.248	0.286	0.166	0.299
0.075	0.001	0.001	0.923
0.256	0.008	0.732	0.004
0.024	0.031	0.001	0.944
0.001	0.001	0.121	0.877
0.035	0.001	0.218	0.746
0.490	0.017	0.357	0.137
0.125	0.354	0.063	0.458
0.107	0.260	0.047	0.586
0.001	0.093	0.001	0.905
0.021	0.001	0.001	0.977
0.001	0.001	0.990	0.008
0.001	0.009	0.984	0.006
0.126	0.860	0.007	0.007
0.616	0.112	0.002	0.270
Mis_redirected¢DtypeEvalueôIhttp_code¢DtypeEvalueÈQdownload_complete¢DtypeEvalueõ